1.99558
-0.13306
1.99003
-0.198148
1.98231
-0.262391
1.97246
-0.325745
1.96051
-0.388172
1.94648
-0.44964
1.93041
-0.510124
1.91233
-0.569601
1.89227
-0.628054
1.87028
-0.68547
1.84638
-0.741839
1.82061
-0.797153
1.793
-0.851409
1.7636
-0.904603
1.73243
-0.956735
1.69954
-1.0078
1.66495
-1.05781
1.6287
-1.10675
1.59084
-1.15464
1.55139
-1.20146
1.51039
-1.24721
1.46787
-1.29191
1.42388
-1.33553
1.37844
-1.37807
1.3316
-1.41953
1.28339
-1.4599
1.23384
-1.49915
1.183
-1.53728
1.1309
-1.57426
1.07758
-1.61007
1.02309
-1.64468
0.96745
-1.67806
0.910718
-1.71018
0.852932
-1.74099
0.794136
-1.77046
0.734377
-1.79854
0.673702
-1.82517
0.61216
-1.85031
0.549801
-1.8739
0.48668
-1.89587
0.422851
-1.91616
0.358372
-1.9347
0.293301
-1.95143
0.227703
-1.96627
0.16164
-1.97914
0.0951797
-1.98998
0.028392
-1.9987
-0.0386513
-2.00523
-0.105875
-2.00949
-0.173204
-2.01142
-0.240556
-2.01093
-0.307851
-2.00797
-0.375004
-2.00247
-0.44193
-1.99436
-0.50854
-1.9836
-0.574744
-1.97014
-0.640452
-1.95394
-0.705571
-1.93496
-0.770008
-1.91318
-0.833668
-1.8886
-0.896459
-1.86121
-0.958285
-1.83102
-1.01905
-1.79804
-1.07867
-1.76232
-1.13705
-1.72389
-1.19409
-1.68281
-1.24972
-1.63914
-1.30384
-1.59297
-1.35637
-1.54439
-1.40724
-1.49349
-1.45637
-1.44038
-1.50368
-1.38518
-1.54911
-1.32802
-1.5926
-1.26903
-1.63408
-1.20835
-1.67351
-1.14613
-1.71082
-1.0825
-1.74599
-1.01763
-1.77896
-0.951663
-1.80971
-0.884747
-1.8382
-0.817035
-1.86442
-0.748673
-1.88834
-0.679806
-1.90994
-0.610574
-1.92923
-0.541112
-1.94618
-0.47155
-1.96081
-0.402012
-1.9731
-0.332612
-1.98308
-0.263462
-1.99075
-0.194662
-1.99612
-0.126307
-1.99922
-0.0584833
-2.00005
0.0087306
-1.99864
0.0752634
-1.99502
0.141052
-1.9892
0.206038
-1.98123
0.270174
-1.97112
0.333416
-1.95891
0.395728
-1.94463
0.457077
-1.92831
0.517438
-1.90998
0.576791
-1.88969
0.635117
-1.86746
0.692406
-1.84333
0.748646
-1.81734
0.803831
-1.78951
0.857957
-1.75989
0.911021
-1.72851
0.963022
-1.69541
1.01396
-1.66062
1.06384
-1.62417
1.11265
-1.58611
1.1604
-1.54647
1.20709
-1.50528
1.25272
-1.46259
1.29728
-1.41842
1.34077
-1.37281
1.38319
-1.3258
1.42451
-1.27742
1.46474
-1.22771
1.50386
-1.17672
1.54185
-1.12447
1.57869
-1.071
1.61435
-1.01637
1.64881
-0.960594
1.68204
-0.903732
1.714
-0.845821
1.74466
-0.786906
1.77396
-0.727033
1.80186
-0.66625
1.82832
-0.604606
1.85327
-0.542152
1.87666
-0.478942
1.89843
-0.415031
1.91852
-0.350477
1.93684
-0.285339
1.95334
-0.219681
1.96794
-0.153567
1.98057
-0.0870634
1.99115
-0.0202411
1.99961
0.0468277
2.00587
0.114068
2.00985
0.181403
2.01149
0.248752
2.01071
0.316034
2.00744
0.383164
2.00162
0.450056
1.9932
0.516621
1.98211
0.582769
1.96832
0.64841
1.95178
0.71345
1.93246
0.777797
1.91034
0.841356
1.88542
0.904034
1.85769
0.965736
1.82716
1.02637
1.79384
1.08584
1.75779
1.14406
1.71903
1.20094
1.67764
1.25638
1.63366
1.31031
1.58719
1.36265
1.53832
1.41331
1.48714
1.46222
1.43377
1.50931
1.37833
1.55451
1.32094
1.59775
1.26174
1.63899
1.20086
1.67816
1.13846
1.71521
1.07468
1.75012
1.00967
1.78282
0.943575
1.8133
0.876554
1.84151
0.808755
1.86745
0.740324
1.89109
0.671406
1.91241
0.602139
1.93141
0.532658
1.94808
0.463093
1.96243
0.393566
1.97444
0.324191
1.98414
0.255078
1.99153
0.186328
1.99662
0.118033
1.99944
0.0502794
2
-0.0168552
