7.87991e-12 0.142476 0.000303874
1.10284e-11 0.161128 0.00064755
1.52932e-11 0.175249 0.00102136
2.08142e-11 0.186819 0.00141988
2.78695e-11 0.196724 0.00183955
3.68625e-11 0.205453 0.00227786
4.83427e-11 0.213306 0.00273296
6.3044e-11 0.220477 0.00320339
8.19427e-11 0.227105 0.00368799
1.06337e-10 0.233288 0.00418582
1.37956e-10 0.239101 0.00469608
1.79109e-10 0.244601 0.00521811
2.32888e-10 0.249833 0.00575134
3.0345e-10 0.254834 0.00629527
3.96393e-10 0.259632 0.00684948
5.19285e-10 0.264253 0.00741359
6.82385e-10 0.268717 0.00798725
8.99648e-10 0.273042 0.00857019
1.19011e-09 0.277242 0.00916212
1.57981e-09 0.28133 0.00976281
2.10448e-09 0.285316 0.010372
2.81334e-09 0.289213 0.0109896
3.77429e-09 0.293027 0.0116154
5.08139e-09 0.296766 0.0122492
6.86524e-09 0.300438 0.0128908
9.30778e-09 0.304048 0.0135402
1.26631e-08 0.307602 0.0141972
1.72874e-08 0.311104 0.0148618
2.36809e-08 0.31456 0.0155337
3.25487e-08 0.317973 0.0162129
4.48873e-08 0.321347 0.0168994
6.2109e-08 0.324686 0.0175931
8.62215e-08 0.327993 0.0182938
1.20087e-07 0.33127 0.0190016
1.67797e-07 0.334521 0.0197164
2.35219e-07 0.337748 0.0204381
3.30789e-07 0.340954 0.0211666
4.66673e-07 0.34414 0.021902
6.60464e-07 0.34731 0.0226443
9.37681e-07 0.350464 0.0233932
1.33544e-06 0.353604 0.024149
1.90788e-06 0.356733 0.0249114
2.73423e-06 0.359852 0.0256806
3.93068e-06 0.362962 0.0264564
5.66824e-06 0.366067 0.0272389
8.19926e-06 0.369165 0.0280281
1.18972e-05 0.37226 0.0288239
1.73164e-05 0.375351 0.0296263
2.52821e-05 0.378442 0.0304355
3.70264e-05 0.381532 0.0312512
5.4394e-05 0.384624 0.0320736
8.01557e-05 0.387718 0.0329027
0.000118485 0.390814 0.0337384
0.000175687 0.393916 0.0345808
0.000261315 0.397023 0.03543
0.000389889 0.400137 0.0362858
0.000583544 0.403258 0.0371483
0.000876124 0.406387 0.0380176
0.00131953 0.409527 0.0388937
0.00199363 0.412676 0.0397765
0.00302162 0.415838 0.0406662
0.00459425 0.419012 0.0415627
0.00700766 0.422199 0.0424661
0.0107231 0.4254 0.0433765
0.0164614 0.428617 0.0442938
0.0253523 0.43185 0.045218
0.0391723 0.435099 0.0461493
0.0607238 0.438367 0.0470877
0.0944424 0.441654 0.0480332
0.14737 0.44496 0.0489858
0.230727 0.448287 0.0499456
0.362445 0.451636 0.0509127
0.571279 0.455006 0.0518872
0.903502 0.4584 0.0528689
1.43382 0.461819 0.0538581
2.28326 0.465263 0.0548548
3.64858 0.468733 0.055859
5.85074 0.47223 0.0568707
9.41517 0.475755 0.0578902
15.2051 0.479309 0.0589174
24.6438 0.482893 0.0599523
40.0862 0.486508 0.0609952
65.4436 0.490155 0.0620459
107.235 0.493835 0.0631047
176.368 0.497549 0.0641716
291.159 0.501298 0.0652466
482.486 0.505083 0.0663299
802.601 0.508905 0.0674216
1340.27 0.512766 0.0685216
2246.86 0.516665 0.0696302
3781.57 0.520606 0.0707474
6389.95 0.524588 0.0718733
10841 0.528613 0.073008
18467.7 0.532682 0.0741516
31589.3 0.536796 0.0753041
54259.3 0.540957 0.0764658
93591.6 0.545166 0.0776367
162124 0.549424 0.078817
282053 0.553732 0.0800066
492842 0.558093 0.0812059
864971 0.562507 0.0824148
1.52488e+06 0.566975 0.0836335
2.70045e+06 0.5715 0.0848622
4.80424e+06 0.576083 0.0861009
8.58679e+06 0.580725 0.0873498
1.54198e+07 0.585428 0.0886091
2.78225e+07 0.590194 0.0898788
5.04443e+07 0.595024 0.0911592
9.19082e+07 0.59992 0.0924503
1.68288e+08 0.604884 0.0937524
3.09696e+08 0.609918 0.0950655
5.72845e+08 0.615023 0.0963899
1.06509e+09 0.620202 0.0977257
1.99076e+09 0.625456 0.0990731
3.74082e+09 0.630789 0.100432
7.0675e+09 0.6362 0.101803
1.34261e+10 0.641695 0.103187
2.56482e+10 0.647273 0.104582
4.92748e+10 0.652938 0.10599
9.52118e+10 0.658691 0.107411
1.85053e+11 0.664537 0.108845
3.61809e+11 0.670476 0.110291
7.11681e+11 0.676513 0.111752
1.4085e+12 0.682648 0.113225
2.80501e+12 0.688886 0.114713
5.62173e+12 0.69523 0.116215
1.13398e+13 0.701682 0.117731
2.30247e+13 0.708245 0.119261
4.70631e+13 0.714923 0.120806
9.68545e+13 0.72172 0.122367
2.00707e+14 0.728638 0.123942
4.18857e+14 0.735681 0.125534
8.80405e+14 0.742853 0.127141
1.86411e+15 0.75016 0.128765
3.97644e+15 0.757602 0.130405
8.54694e+15 0.765185 0.132062
1.85133e+16 0.772915 0.133736
4.04183e+16 0.780794 0.135427
8.89534e+16 0.78883 0.137137
1.97381e+17 0.797024 0.138865
4.41651e+17 0.805384 0.140611
9.96685e+17 0.813914 0.142377
2.26891e+18 0.82262 0.144161
5.21119e+18 0.831508 0.145966
1.20781e+19 0.840584 0.147791
2.82543e+19 0.849853 0.149636
6.67242e+19 0.859324 0.151503
1.59106e+20 0.869003 0.153391
3.83165e+20 0.878895 0.155302
9.32134e+20 0.88901 0.157235
2.2912e+21 0.899356 0.159191
5.69175e+21 0.90994 0.161171
1.42933e+22 0.920771 0.163175
3.62938e+22 0.931859 0.165204
9.32104e+22 0.943212 0.167258
2.42184e+23 0.95484 0.169339
6.36799e+23 0.966755 0.171446
1.69497e+24 0.978967 0.17358
4.56836e+24 0.991488 0.175743
1.2472e+25 1.00433 0.177934
3.45009e+25 1.0175 0.180155
9.67384e+25 1.03102 0.182406
2.75041e+26 1.04491 0.184689
7.93208e+26 1.05917 0.187003
2.32135e+27 1.07382 0.189351
6.89661e+27 1.08888 0.191732
2.08092e+28 1.10437 0.194148
6.37965e+28 1.1203 0.1966
1.9882e+29 1.1367 0.19909
6.30166e+29 1.15359 0.201617
2.03238e+30 1.17098 0.204183
6.67332e+30 1.18891 0.20679
2.23207e+31 1.2074 0.209438
7.60954e+31 1.22647 0.21213
2.64581e+32 1.24616 0.214866
9.38841e+32 1.2665 0.217648
3.40213e+33 1.28751 0.220477
1.25994e+34 1.30925 0.223356
4.77215e+34 1.33173 0.226285
1.85008e+35 1.35502 0.229268
7.34757e+35 1.37914 0.232305
2.992e+36 1.40416 0.235398
1.2504e+37 1.43011 0.238551
5.36843e+37 1.45707 0.241764
2.37034e+38 1.48509 0.245042
1.07754e+39 1.51423 0.248385
5.04939e+39 1.54458 0.251798
2.44222e+40 1.57622 0.255282
1.22087e+41 1.60924 0.258842
6.31737e+41 1.64374 0.26248
3.38903e+42 1.67982 0.2662
1.88813e+43 1.71763 0.270006
1.09449e+44 1.75729 0.273903
6.61441e+44 1.79896 0.277895
4.17663e+45 1.84284 0.281987
2.76225e+46 1.88913 0.286185
1.91846e+47 1.93806 0.290495
1.40337e+48 1.98994 0.294924
1.08477e+49 2.04508 0.299478
8.89309e+49 2.1039 0.304168
7.76462e+50 2.16689 0.309001
7.25459e+51 2.23464 0.31399
7.29335e+52 2.30791 0.319147
7.94121e+53 2.38769 0.324487
9.43779e+54 2.47524 0.330027
1.23598e+56 2.57231 0.335791
1.80514e+57 2.68136 0.341805
2.98631e+58 2.80599 0.348104
5.71628e+59 2.95187 0.354739
1.3057e+61 3.12859 0.361778
3.73799e+62 3.35439 0.369334
1.46813e+64 3.67061 0.377613
9.86929e+65 4.20802 0.387118
4.97433e+68 6.22262 0.401193
5.1456e+70 4.63902 0.411703
2.91815e+72 4.03798 0.42087
1.29261e+74 3.79089 0.429491
5.05177e+75 3.66566 0.437841
1.82408e+77 3.58651 0.446024
6.23317e+78 3.53139 0.454093
2.04542e+80 3.49089 0.462082
6.50782e+81 3.45999 0.470011
2.02097e+83 3.43574 0.477896
6.15493e+84 3.41626 0.485747
1.84475e+86 3.40026 0.493573
5.45555e+87 3.38687 0.501379
1.59507e+89 3.37545 0.50917
4.61758e+90 3.36554 0.516949
1.32511e+92 3.35679 0.524718
3.77291e+93 3.34894 0.532481
1.06659e+95 3.34179 0.540237
2.99536e+96 3.33518 0.54799
8.36028e+97 3.32901 0.555739
2.31985e+99 3.32318 0.563485
6.40146e+100 3.31761 0.571229
1.75701e+102 3.31225 0.578972
4.79748e+103 3.30706 0.586714
1.30333e+105 3.30201 0.594454
3.52328e+106 3.29705 0.602194
9.47818e+107 3.29218 0.609934
2.53755e+109 3.28738 0.617673
6.7615e+110 3.28263 0.625412
1.79319e+112 3.27792 0.63315
4.73347e+113 3.27325 0.640889
1.2437e+115 3.2686 0.648628
3.25269e+116 3.26398 0.656367
8.46779e+117 3.25937 0.664106
2.19434e+119 3.25478 0.671845
5.66041e+120 3.2502 0.679584
1.45348e+122 3.24563 0.687324
3.71525e+123 3.24107 0.695063
9.45347e+124 3.23652 0.702803
2.39452e+126 3.23197 0.710543
6.03773e+127 3.22743 0.718284
1.51551e+129 3.22289 0.726024
3.7868e+130 3.21836 0.733765
9.41933e+131 3.21383 0.741506
2.3324e+133 3.2093 0.749247
5.74937e+134 3.20478 0.756989
1.41083e+136 3.20026 0.76473
3.4464e+137 3.19574 0.772472
8.38103e+138 3.19123 0.780214
2.02894e+140 3.18671 0.787957
4.8897e+141 3.1822 0.795699
1.1731e+143 3.17769 0.803442
2.80177e+144 3.17319 0.811185
6.66155e+145 3.16868 0.818929
1.57675e+147 3.16418 0.826672
3.7153e+148 3.15968 0.834416
8.71512e+149 3.15519 0.84216
2.03517e+151 3.15069 0.849905
4.73126e+152 3.1462 0.857649
1.09497e+154 3.14171 0.865394
2.52279e+155 3.13722 0.873139
5.7864e+156 3.13273 0.880885
1.32126e+158 3.12825 0.88863
3.00347e+159 3.12377 0.896376
6.79694e+160 3.11929 0.904122
1.53129e+162 3.11481 0.911869
3.43446e+163 3.11033 0.919615
7.66859e+164 3.10586 0.927362
1.70463e+166 3.10139 0.935109
3.7723e+167 3.09692 0.942857
8.31078e+168 3.09245 0.950604
1.82279e+170 3.08799 0.958352
3.98009e+171 3.08352 0.9661
8.6519e+172 3.07906 0.973849
1.87238e+174 3.0746 0.981597
4.03405e+175 3.07015 0.989346
8.65274e+176 3.06569 0.997095
1.8477e+178 3.06124 1.00484
3.92805e+179 3.05679 1.01259
8.31361e+180 3.05234 1.02034
1.75175e+182 3.04789 1.02809
3.67472e+183 3.04345 1.03584
7.67445e+184 3.039 1.04359
1.59567e+186 3.03457 1.05135
3.30302e+187 3.03013 1.0591
6.80696e+188 3.02569 1.06685
1.39659e+190 3.02126 1.0746
2.85272e+191 3.01683 1.08235
5.80133e+192 3.0124 1.0901
1.17455e+194 3.00797 1.09786
2.36752e+195 3.00354 1.10561
4.75111e+196 2.99912 1.11336
9.49245e+197 2.9947 1.12111
1.88817e+199 2.99028 1.12887
3.73925e+200 2.98586 1.13662
7.37244e+201 2.98145 1.14437
1.44717e+203 2.97704 1.15213
2.82824e+204 2.97263 1.15988
5.50297e+205 2.96822 1.16764
1.06602e+207 2.96381 1.17539
2.05598e+208 2.95941 1.18315
3.94785e+209 2.955 1.1909
7.54732e+210 2.95061 1.19866
1.43653e+212 2.94621 1.20641
2.72226e+213 2.94182 1.21417
5.1361e+214 2.93742 1.22193
9.64789e+215 2.93303 1.22968
1.80436e+217 2.92864 1.23744
3.35978e+218 2.92425 1.2452
6.22864e+219 2.91987 1.25295
1.14967e+221 2.91548 1.26071
2.11275e+222 2.9111 1.26847
3.86565e+223 2.90673 1.27623
7.04201e+224 2.90235 1.28399
1.27724e+226 2.89797 1.29174
2.30646e+227 2.8936 1.2995
4.14691e+228 2.88923 1.30726
7.42344e+229 2.88486 1.31502
1.32309e+231 2.8805 1.32278
2.3479e+232 2.87614 1.33054
4.14835e+233 2.87177 1.3383
7.29756e+234 2.86741 1.34606
1.27817e+236 2.86306 1.35382
2.22899e+237 2.8587 1.36158
3.87022e+238 2.85435 1.36934
6.69076e+239 2.85 1.3771
1.15167e+241 2.84565 1.38487
1.97374e+242 2.84131 1.39263
3.36798e+243 2.83697 1.40039
5.72216e+244 2.83262 1.40815
9.67982e+245 2.82828 1.41591
1.63038e+247 2.82394 1.42368
2.73419e+248 2.81961 1.43144
4.56548e+249 2.81527 1.4392
7.59038e+250 2.81094 1.44697
1.25649e+252 2.80661 1.45473
2.07099e+253 2.80229 1.46249
3.39875e+254 2.79796 1.47026
5.55369e+255 2.79364 1.47802
9.03583e+256 2.78932 1.48579
1.46379e+258 2.785 1.49355
2.36111e+259 2.78069 1.50132
3.79209e+260 2.77637 1.50908
6.06415e+261 2.77206 1.51685
9.65584e+262 2.76775 1.52461
1.53087e+264 2.76344 1.53238
2.41668e+265 2.75914 1.54015
3.79865e+266 2.75484 1.54791
5.94528e+267 2.75054 1.55568
9.26504e+268 2.74624 1.56345
1.43766e+270 2.74194 1.57121
2.22128e+271 2.73765 1.57898
3.41731e+272 2.73336 1.58675
5.23483e+273 2.72907 1.59452
7.9847e+274 2.72478 1.60229
1.2127e+276 2.72049 1.61005
1.83395e+277 2.71621 1.61782
2.76162e+278 2.71193 1.62559
4.14077e+279 2.70765 1.63336
6.18217e+280 2.70337 1.64113
9.19064e+281 2.6991 1.6489
1.36049e+283 2.69483 1.65667
2.00534e+284 2.69056 1.66444
2.94326e+285 2.68629 1.67221
4.30147e+286 2.68202 1.67998
6.25969e+287 2.67776 1.68775
9.07065e+288 2.6735 1.69553
1.3088e+290 2.66924 1.7033
1.88045e+291 2.66498 1.71107
2.6903e+292 2.66073 1.71884
3.8326e+293 2.65648 1.72661
5.43675e+294 2.65222 1.73439
7.67965e+295 2.64798 1.74216
1.08019e+297 2.64373 1.74993
1.51291e+298 2.63949 1.7577
2.11002e+299 2.63525 1.76548
2.93035e+300 2.63101 1.77325
4.0524e+301 2.62677 1.78103
5.58041e+302 2.62254 1.7888
7.65211e+303 2.6183 1.79658
1.04486e+305 2.61407 1.80435
1.42069e+306 2.60985 1.81212
1.92356e+307 2.60562 1.8199
inf 2.6014 1.82768
inf 2.59717 1.83545
inf 2.59296 1.84323
inf 2.58874 1.851
inf 2.58452 1.85878
inf 2.58031 1.86656
inf 2.5761 1.87433
inf 2.57189 1.88211
inf 2.56769 1.88989
inf 2.56348 1.89767
inf 2.55928 1.90544
inf 2.55508 1.91322
inf 2.55089 1.921
inf 2.54669 1.92878
inf 2.5425 1.93656
inf 2.53831 1.94434
inf 2.53412 1.95212
inf 2.52993 1.9599
inf 2.52575 1.96768
inf 2.52157 1.97546
inf 2.51739 1.98324
inf 2.51321 1.99102
inf 2.50904 1.9988
inf 2.50487 2.00658
inf 2.5007 2.01436
inf 2.49653 2.02214
inf 2.49236 2.02992
inf 2.4882 2.03771
inf 2.48404 2.04549
inf 2.47988 2.05327
inf 2.47573 2.06105
inf 2.47157 2.06884
inf 2.46742 2.07662
inf 2.46327 2.0844
inf 2.45912 2.09219
inf 2.45498 2.09997
inf 2.45084 2.10776
inf 2.44669 2.11554
inf 2.44256 2.12333
inf 2.43842 2.13111
inf 2.43429 2.1389
inf 2.43015 2.14668
inf 2.42603 2.15447
inf 2.4219 2.16225
inf 2.41778 2.17004
inf 2.41365 2.17783
inf 2.40953 2.18561
inf 2.40541 2.1934
inf 2.4013 2.20119
inf 2.39719 2.20898
inf 2.39307 2.21676
inf 2.38897 2.22455
inf 2.38486 2.23234
inf 2.38076 2.24013
inf 2.37665 2.24792
inf 2.37255 2.25571
inf 2.36846 2.2635
inf 2.36436 2.27128
inf 2.36027 2.27907
inf 2.35618 2.28686
inf 2.35209 2.29465
inf 2.348 2.30245
inf 2.34392 2.31024
inf 2.33984 2.31803
inf 2.33576 2.32582
inf 2.33168 2.33361
inf 2.32761 2.3414
inf 2.32354 2.34919
inf 2.31947 2.35699
inf 2.3154 2.36478
inf 2.31134 2.37257
inf 2.30728 2.38036
inf 2.30321 2.38816
inf 2.29916 2.39595
inf 2.2951 2.40374
inf 2.29105 2.41154
inf 2.287 2.41933
inf 2.28295 2.42713
inf 2.2789 2.43492
inf 2.27486 2.44272
inf 2.27082 2.45051
inf 2.26678 2.45831
inf 2.26274 2.4661
inf 2.2587 2.4739
inf 2.25467 2.48169
inf 2.25064 2.48949
inf 2.24661 2.49729
inf 2.24259 2.50508
inf 2.23856 2.51288
inf 2.23454 2.52068
inf 2.23052 2.52847
inf 2.22651 2.53627
inf 2.22249 2.54407
inf 2.21848 2.55187
inf 2.21447 2.55967
inf 2.21047 2.56747
inf 2.20646 2.57526
inf 2.20246 2.58306
inf 2.19846 2.59086
inf 2.19446 2.59866
inf 2.19047 2.60646
inf 2.18648 2.61426
inf 2.18249 2.62206
inf 2.1785 2.62986
inf 2.17451 2.63767
inf 2.17053 2.64547
inf 2.16655 2.65327
inf 2.16257 2.66107
inf 2.15859 2.66887
inf 2.15462 2.67667
inf 2.15065 2.68448
inf 2.14668 2.69228
inf 2.14272 2.70008
inf 2.13875 2.70789
inf 2.13479 2.71569
inf 2.13083 2.72349
inf 2.12687 2.7313
inf 2.12292 2.7391
inf 2.11897 2.7469
inf 2.11502 2.75471
inf 2.11107 2.76251
inf 2.10712 2.77032
inf 2.10318 2.77812
inf 2.09924 2.78593
inf 2.0953 2.79374
inf 2.09136 2.80154
inf 2.08743 2.80935
inf 2.0835 2.81715
inf 2.07957 2.82496
inf 2.07565 2.83277
inf 2.07172 2.84058
inf 2.0678 2.84838
inf 2.06388 2.85619
inf 2.05997 2.864
inf 2.05605 2.87181
inf 2.05214 2.87962
inf 2.04823 2.88742
inf 2.04433 2.89523
inf 2.04042 2.90304
inf 2.03652 2.91085
inf 2.03262 2.91866
inf 2.02872 2.92647
inf 2.02483 2.93428
inf 2.02093 2.94209
inf 2.01705 2.9499
inf 2.01316 2.95771
inf 2.00927 2.96552
inf 2.00539 2.97334
inf 2.00151 2.98115
inf 1.99763 2.98896
inf 1.99376 2.99677
inf 1.98988 3.00458
inf 1.98601 3.0124
inf 1.98214 3.02021
inf 1.97828 3.02802
inf 1.97442 3.03584
inf 1.97056 3.04365
inf 1.9667 3.05146
inf 1.96284 3.05928
inf 1.95899 3.06709
inf 1.95514 3.07491
inf 1.95129 3.08272
inf 1.94744 3.09054
inf 1.9436 3.09835
inf 1.93976 3.10617
inf 1.93592 3.11398
inf 1.93208 3.1218
inf 1.92825 3.12962
inf 1.92442 3.13743
inf 1.92059 3.14525
inf 1.91677 3.15307
inf 1.91294 3.16088
inf 1.90912 3.1687
inf 1.9053 3.17652
inf 1.90148 3.18434
inf 1.89767 3.19215
inf 1.89386 3.19997
inf 1.89005 3.20779
inf 1.88624 3.21561
inf 1.88244 3.22343
inf 1.87864 3.23125
inf 1.87484 3.23907
inf 1.87104 3.24689
inf 1.86725 3.25471
inf 1.86346 3.26253
inf 1.85967 3.27035
inf 1.85588 3.27817
inf 1.8521 3.28599
inf 1.84832 3.29381
inf 1.84453 3.30163
inf 1.84076 3.30946
inf 1.83698 3.31728
inf 1.83321 3.3251
inf 1.82944 3.33292
inf 1.82568 3.34075
inf 1.82191 3.34857
inf 1.81815 3.35639
inf 1.81439 3.36422
inf 1.81064 3.37204
inf 1.80688 3.37986
inf 1.80313 3.38769
inf 1.79938 3.39551
inf 1.79564 3.40334
inf 1.79189 3.41116
inf 1.78815 3.41899
inf 1.78441 3.42681
inf 1.78068 3.43464
inf 1.77694 3.44246
inf 1.77321 3.45029
inf 1.76948 3.45812
inf 1.76576 3.46594
inf 1.76203 3.47377
inf 1.75831 3.4816
inf 1.75459 3.48942
inf 1.75088 3.49725
inf 1.74716 3.50508
inf 1.74345 3.51291
inf 1.73974 3.52074
inf 1.73604 3.52857
inf 1.73233 3.53639
inf 1.72863 3.54422
inf 1.72494 3.55205
inf 1.72124 3.55988
inf 1.71755 3.56771
inf 1.71386 3.57554
inf 1.71017 3.58337
inf 1.70648 3.5912
inf 1.7028 3.59903
inf 1.69912 3.60686
inf 1.69544 3.6147
inf 1.69177 3.62253
inf 1.6881 3.63036
inf 1.68442 3.63819
inf 1.68076 3.64602
inf 1.67709 3.65386
inf 1.67343 3.66169
inf 1.66977 3.66952
inf 1.66612 3.67735
inf 1.66246 3.68519
inf 1.65881 3.69302
inf 1.65516 3.70086
inf 1.65151 3.70869
inf 1.64787 3.71652
inf 1.64423 3.72436
inf 1.64059 3.73219
inf 1.63695 3.74003
inf 1.63332 3.74786
inf 1.62969 3.7557
inf 1.62606 3.76354
inf 1.62243 3.77137
inf 1.61881 3.77921
inf 1.61519 3.78705
inf 1.61157 3.79488
inf 1.60796 3.80272
inf 1.60435 3.81056
inf 1.60074 3.81839
inf 1.59713 3.82623
inf 1.59352 3.83407
inf 1.58992 3.84191
inf 1.58632 3.84975
inf 1.58273 3.85759
inf 1.57913 3.86543
inf 1.57554 3.87326
inf 1.57195 3.8811
inf 1.56837 3.88894
inf 1.56478 3.89678
inf 1.5612 3.90462
inf 1.55762 3.91246
inf 1.55405 3.92031
inf 1.55048 3.92815
inf 1.5469 3.93599
inf 1.54334 3.94383
inf 1.53977 3.95167
inf 1.53621 3.95951
inf 1.53265 3.96736
inf 1.52909 3.9752
inf 1.52554 3.98304
inf 1.52199 3.99088
inf 1.51844 3.99873
inf 1.51489 4.00657
inf 1.51135 4.01441
inf 1.50781 4.02226
inf 1.50427 4.0301
inf 1.50074 4.03795
inf 1.4972 4.04579
inf 1.49367 4.05364
inf 1.49015 4.06148
inf 1.48662 4.06933
inf 1.4831 4.07717
inf 1.47958 4.08502
inf 1.47606 4.09286
inf 1.47255 4.10071
inf 1.46904 4.10856
inf 1.46553 4.1164
inf 1.46202 4.12425
inf 1.45852 4.1321
inf 1.45502 4.13995
inf 1.45152 4.14779
inf 1.44803 4.15564
inf 1.44454 4.16349
inf 1.44105 4.17134
inf 1.43756 4.17919
inf 1.43408 4.18704
inf 1.4306 4.19489
inf 1.42712 4.20274
inf 1.42364 4.21059
inf 1.42017 4.21844
inf 1.4167 4.22629
inf 1.41323 4.23414
inf 1.40977 4.24199
inf 1.40631 4.24984
inf 1.40285 4.25769
inf 1.39939 4.26554
inf 1.39594 4.2734
inf 1.39249 4.28125
inf 1.38904 4.2891
inf 1.38559 4.29695
inf 1.38215 4.30481
inf 1.37871 4.31266
inf 1.37528 4.32051
inf 1.37184 4.32837
inf 1.36841 4.33622
inf 1.36498 4.34407
inf 1.36156 4.35193
inf 1.35813 4.35978
inf 1.35471 4.36764
inf 1.3513 4.37549
inf 1.34788 4.38335
inf 1.34447 4.3912
inf 1.34106 4.39906
inf 1.33766 4.40692
inf 1.33425 4.41477
inf 1.33085 4.42263
inf 1.32745 4.43049
inf 1.32406 4.43834
inf 1.32067 4.4462
inf 1.31728 4.45406
inf 1.31389 4.46192
inf 1.31051 4.46977
inf 1.30713 4.47763
inf 1.30375 4.48549
inf 1.30037 4.49335
inf 1.297 4.50121
inf 1.29363 4.50907
inf 1.29027 4.51693
inf 1.2869 4.52479
inf 1.28354 4.53265
inf 1.28018 4.54051
inf 1.27683 4.54837
inf 1.27348 4.55623
inf 1.27013 4.56409
inf 1.26678 4.57195
inf 1.26344 4.57982
inf 1.2601 4.58768
inf 1.25676 4.59554
inf 1.25342 4.6034
inf 1.25009 4.61126
inf 1.24676 4.61913
inf 1.24344 4.62699
inf 1.24011 4.63485
inf 1.23679 4.64272
inf 1.23348 4.65058
inf 1.23016 4.65845
inf 1.22685 4.66631
inf 1.22354 4.67418
inf 1.22023 4.68204
inf 1.21693 4.68991
inf 1.21363 4.69777
inf 1.21033 4.70564
inf 1.20704 4.7135
inf 1.20375 4.72137
inf 1.20046 4.72924
inf 1.19717 4.7371
inf 1.19389 4.74497
inf 1.19061 4.75284
inf 1.18734 4.76071
inf 1.18406 4.76858
inf 1.18079 4.77644
inf 1.17752 4.78431
inf 1.17426 4.79218
inf 1.171 4.80005
inf 1.16774 4.80792
inf 1.16448 4.81579
inf 1.16123 4.82366
inf 1.15798 4.83153
inf 1.15473 4.8394
inf 1.15149 4.84727
inf 1.14825 4.85514
inf 1.14501 4.86301
inf 1.14177 4.87088
inf 1.13854 4.87876
inf 1.13531 4.88663
inf 1.13209 4.8945
inf 1.12886 4.90237
inf 1.12564 4.91025
inf 1.12243 4.91812
inf 1.11921 4.92599
inf 1.116 4.93387
inf 1.11279 4.94174
inf 1.10959 4.94961
inf 1.10639 4.95749
inf 1.10319 4.96536
inf 1.09999 4.97324
inf 1.0968 4.98111
inf 1.09361 4.98899
inf 1.09042 4.99687
inf 1.08724 5.00474
inf 1.08406 5.01262
inf 1.08088 5.02049
inf 1.07771 5.02837
inf 1.07453 5.03625
inf 1.07137 5.04413
inf 1.0682 5.052
inf 1.06504 5.05988
inf 1.06188 5.06776
inf 1.05872 5.07564
inf 1.05557 5.08352
inf 1.05242 5.0914
inf 1.04927 5.09928
inf 1.04613 5.10716
inf 1.04299 5.11504
inf 1.03985 5.12292
inf 1.03672 5.1308
inf 1.03359 5.13868
inf 1.03046 5.14656
inf 1.02733 5.15444
inf 1.02421 5.16232
inf 1.02109 5.17021
inf 1.01798 5.17809
inf 1.01486 5.18597
inf 1.01175 5.19385
inf 1.00865 5.20174
inf 1.00554 5.20962
inf 1.00244 5.21751
inf 0.999348 5.22539
inf 0.996254 5.23327
inf 0.993164 5.24116
inf 0.990076 5.24904
inf 0.986993 5.25693
inf 0.983911 5.26482
inf 0.980833 5.2727
inf 0.977758 5.28059
inf 0.974688 5.28847
inf 0.971619 5.29636
inf 0.968554 5.30425
inf 0.965492 5.31214
inf 0.962434 5.32002
inf 0.959378 5.32791
inf 0.956326 5.3358
inf 0.953278 5.34369
inf 0.950232 5.35158
inf 0.94719 5.35947
inf 0.94415 5.36736
inf 0.941115 5.37525
inf 0.938081 5.38314
inf 0.935052 5.39103
inf 0.932026 5.39892
inf 0.929003 5.40681
inf 0.925983 5.4147
inf 0.922966 5.42259
inf 0.919953 5.43049
inf 0.916944 5.43838
inf 0.913937 5.44627
inf 0.910934 5.45417
inf 0.907933 5.46206
inf 0.904937 5.46995
inf 0.901943 5.47785
inf 0.898954 5.48574
inf 0.895966 5.49364
inf 0.892983 5.50153
inf 0.890003 5.50943
inf 0.887026 5.51732
inf 0.884053 5.52522
inf 0.881082 5.53312
inf 0.878116 5.54101
inf 0.875152 5.54891
inf 0.872192 5.55681
inf 0.869235 5.56471
inf 0.866282 5.5726
inf 0.863332 5.5805
inf 0.860386 5.5884
inf 0.857442 5.5963
inf 0.854502 5.6042
inf 0.851565 5.6121
inf 0.848633 5.62
inf 0.845702 5.6279
inf 0.842777 5.6358
inf 0.839854 5.6437
inf 0.836934 5.65161
inf 0.834018 5.65951
inf 0.831105 5.66741
inf 0.828196 5.67531
inf 0.82529 5.68322
inf 0.822388 5.69112
inf 0.819489 5.69902
inf 0.816594 5.70693
inf 0.813702 5.71483
inf 0.810813 5.72274
inf 0.807929 5.73064
inf 0.805047 5.73855
inf 0.802169 5.74646
inf 0.799294 5.75436
inf 0.796423 5.76227
inf 0.793555 5.77018
inf 0.790691 5.77808
inf 0.787831 5.78599
inf 0.784974 5.7939
inf 0.78212 5.80181
inf 0.779271 5.80972
inf 0.776424 5.81763
inf 0.773582 5.82554
inf 0.770742 5.83345
inf 0.767906 5.84136
inf 0.765074 5.84927
inf 0.762245 5.85718
inf 0.759421 5.8651
inf 0.756599 5.87301
inf 0.753781 5.88092
inf 0.750967 5.88883
inf 0.748156 5.89675
inf 0.745349 5.90466
inf 0.742546 5.91258
inf 0.739746 5.92049
inf 0.73695 5.92841
inf 0.734157 5.93632
inf 0.731369 5.94424
inf 0.728583 5.95216
inf 0.725802 5.96007
inf 0.723024 5.96799
inf 0.72025 5.97591
inf 0.717479 5.98383
inf 0.714712 5.99175
inf 0.711949 5.99967
inf 0.70919 6.00759
inf 0.706434 6.01551
inf 0.703682 6.02343
inf 0.700934 6.03135
inf 0.698189 6.03927
inf 0.695449 6.04719
inf 0.692711 6.05512
inf 0.689979 6.06304
inf 0.687249 6.07096
inf 0.684523 6.07889
inf 0.681801 6.08681
inf 0.679083 6.09474
inf 0.676368 6.10266
inf 0.673658 6.11059
inf 0.670951 6.11851
inf 0.668248 6.12644
inf 0.665549 6.13437
inf 0.662854 6.1423
inf 0.660163 6.15022
inf 0.657475 6.15815
inf 0.654791 6.16608
inf 0.652111 6.17401
inf 0.649436 6.18194
inf 0.646763 6.18988
inf 0.644095 6.19781
inf 0.641431 6.20574
inf 0.638771 6.21367
inf 0.636115 6.22161
inf 0.633462 6.22954
inf 0.630814 6.23747
inf 0.628169 6.24541
inf 0.625529 6.25334
inf 0.622892 6.26128
inf 0.620259 6.26922
inf 0.61763 6.27715
inf 0.615006 6.28509
inf 0.612386 6.29303
inf 0.609769 6.30097
inf 0.607157 6.30891
inf 0.604548 6.31685
inf 0.601943 6.32479
inf 0.599343 6.33273
inf 0.596747 6.34067
inf 0.594155 6.34862
inf 0.591567 6.35656
inf 0.588983 6.3645
inf 0.586403 6.37245
inf 0.583827 6.38039
inf 0.581256 6.38834
inf 0.578688 6.39628
inf 0.576125 6.40423
inf 0.573565 6.41218
inf 0.57101 6.42013
inf 0.56846 6.42808
inf 0.565914 6.43603
inf 0.563371 6.44398
inf 0.560833 6.45193
inf 0.558299 6.45988
inf 0.55577 6.46783
inf 0.553244 6.47579
inf 0.550723 6.48374
inf 0.548207 6.49169
inf 0.545695 6.49965
inf 0.543186 6.50761
inf 0.540682 6.51556
inf 0.538183 6.52352
inf 0.535688 6.53148
inf 0.533197 6.53944
inf 0.530711 6.5474
inf 0.528229 6.55536
inf 0.525752 6.56332
inf 0.523279 6.57128
inf 0.52081 6.57924
inf 0.518346 6.58721
inf 0.515886 6.59517
inf 0.513431 6.60314
inf 0.51098 6.6111
inf 0.508534 6.61907
inf 0.506092 6.62704
inf 0.503656 6.63501
inf 0.501222 6.64298
inf 0.498795 6.65095
inf 0.496371 6.65892
inf 0.493953 6.66689
inf 0.491538 6.67486
inf 0.489129 6.68284
inf 0.486724 6.69081
inf 0.484324 6.69879
inf 0.481928 6.70676
inf 0.479538 6.71474
inf 0.477152 6.72272
inf 0.47477 6.7307
inf 0.472394 6.73868
inf 0.470022 6.74666
inf 0.467655 6.75465
inf 0.465293 6.76263
inf 0.462936 6.77061
inf 0.460583 6.7786
inf 0.458235 6.78658
inf 0.455893 6.79457
inf 0.453555 6.80256
inf 0.451222 6.81055
inf 0.448894 6.81854
inf 0.446571 6.82653
inf 0.444253 6.83453
inf 0.44194 6.84252
inf 0.439632 6.85051
inf 0.43733 6.85851
inf 0.435032 6.86651
inf 0.432739 6.87451
inf 0.430451 6.88251
inf 0.428169 6.89051
inf 0.425892 6.89851
inf 0.42362 6.90651
inf 0.421353 6.91452
inf 0.419092 6.92252
inf 0.416835 6.93053
inf 0.414584 6.93854
inf 0.412338 6.94655
inf 0.410098 6.95456
inf 0.407863 6.96257
inf 0.405634 6.97058
inf 0.403409 6.9786
inf 0.40119 6.98662
inf 0.398977 6.99463
inf 0.396769 7.00265
inf 0.394567 7.01067
inf 0.392371 7.01869
inf 0.390179 7.02672
inf 0.387994 7.03474
inf 0.385814 7.04277
inf 0.38364 7.05079
inf 0.381471 7.05882
inf 0.379308 7.06685
inf 0.377151 7.07489
inf 0.375 7.08292
inf 0.372855 7.09096
inf 0.370716 7.09899
inf 0.368582 7.10703
inf 0.366454 7.11507
inf 0.364333 7.12311
inf 0.362217 7.13116
inf 0.360108 7.1392
inf 0.358004 7.14725
inf 0.355907 7.1553
inf 0.353816 7.16335
inf 0.351731 7.1714
inf 0.349652 7.17945
inf 0.34758 7.18751
inf 0.345513 7.19557
inf 0.343453 7.20363
inf 0.3414 7.21169
inf 0.339354 7.21975
inf 0.337313 7.22782
inf 0.335279 7.23588
inf 0.333252 7.24395
inf 0.331231 7.25202
inf 0.329217 7.2601
inf 0.32721 7.26817
inf 0.32521 7.27625
inf 0.323216 7.28433
inf 0.321229 7.29241
inf 0.31925 7.3005
inf 0.317277 7.30858
inf 0.315311 7.31667
inf 0.313353 7.32476
inf 0.311401 7.33285
inf 0.309457 7.34095
inf 0.30752 7.34905
inf 0.30559 7.35715
inf 0.303668 7.36525
inf 0.301753 7.37336
inf 0.299846 7.38146
inf 0.297947 7.38957
inf 0.296055 7.39769
inf 0.294171 7.4058
inf 0.292294 7.41392
inf 0.290426 7.42204
inf 0.288565 7.43016
inf 0.286713 7.43829
inf 0.284868 7.44642
inf 0.283032 7.45455
inf 0.281205 7.46268
inf 0.279385 7.47082
inf 0.277574 7.47896
inf 0.275771 7.48711
inf 0.273977 7.49525
inf 0.272192 7.5034
inf 0.270415 7.51155
inf 0.268648 7.51971
inf 0.266889 7.52787
inf 0.26514 7.53603
inf 0.263399 7.5442
inf 0.261668 7.55236
inf 0.259947 7.56054
inf 0.258234 7.56871
inf 0.256532 7.57689
inf 0.254839 7.58507
inf 0.253156 7.59326
inf 0.251483 7.60145
inf 0.249821 7.60964
inf 0.248168 7.61784
inf 0.246526 7.62604
inf 0.244894 7.63425
inf 0.243273 7.64245
inf 0.241663 7.65067
inf 0.240063 7.65888
inf 0.238475 7.6671
inf 0.236898 7.67533
inf 0.235332 7.68356
inf 0.233778 7.69179
inf 0.232236 7.70002
inf 0.230706 7.70827
inf 0.229187 7.71651
inf 0.227681 7.72476
inf 0.226187 7.73302
inf 0.224706 7.74127
inf 0.223238 7.74954
inf 0.221782 7.75781
inf 0.22034 7.76608
inf 0.218912 7.77436
inf 0.217497 7.78264
inf 0.216096 7.79093
inf 0.214709 7.79922
inf 0.213337 7.80751
inf 0.211979 7.81582
inf 0.210636 7.82412
inf 0.209308 7.83244
inf 0.207996 7.84075
inf 0.206699 7.84908
inf 0.205418 7.8574
inf 0.204154 7.86574
inf 0.202906 7.87407
inf 0.201675 7.88242
inf 0.200461 7.89077
inf 0.199265 7.89912
inf 0.198087 7.90748
inf 0.196927 7.91585
inf 0.195785 7.92422
inf 0.194663 7.9326
inf 0.19356 7.94098
inf 0.192476 7.94937
inf 0.191413 7.95776
inf 0.190371 7.96616
inf 0.189349 7.97457
inf 0.18835 7.98298
inf 0.187372 7.9914
inf 0.186416 7.99982
inf 0.185484 8.00825
inf 0.184575 8.01669
inf 0.18369 8.02513
inf 0.182829 8.03358
inf 0.181994 8.04203
inf 0.181184 8.05049
inf 0.1804 8.05895
inf 0.179644 8.06742
inf 0.178914 8.07589
inf 0.178213 8.08437
inf 0.177541 8.09286
inf 0.176898 8.10135
inf 0.176285 8.10985
inf 0.175703 8.11835
inf 0.175152 8.12685
inf 0.174634 8.13536
inf 0.174149 8.14388
inf 0.173697 8.1524
inf 0.17328 8.16092
inf 0.172899 8.16944
inf 0.172554 8.17797
inf 0.172246 8.18651
inf 0.171975 8.19504
inf 0.171744 8.20358
inf 0.171553 8.21212
inf 0.171402 8.22066
inf 0.171293 8.2292
inf 0.171226 8.23774
inf 0.171235 8.24629
inf 0.171314 8.25483
inf 0.17144 8.26337
inf 0.171614 8.27191
inf 0.171838 8.28044
inf 0.172112 8.28898
inf 0.172438 8.29751
inf 0.172816 8.30603
inf 0.173248 8.31455
inf 0.173734 8.32306
inf 0.174277 8.33157
inf 0.174876 8.34006
inf 0.175533 8.34855
inf 0.17625 8.35703
inf 0.177027 8.36549
inf 0.177865 8.37394
inf 0.178767 8.38238
inf 0.179732 8.3908
inf 0.180762 8.39921
inf 0.181859 8.4076
inf 0.183023 8.41597
inf 0.184257 8.42432
inf 0.18556 8.43265
inf 0.186936 8.44095
inf 0.188384 8.44923
inf 0.189907 8.45749
inf 0.191506 8.46571
inf 0.193183 8.47391
inf 0.194939 8.48208
inf 0.196777 8.49022
inf 0.198697 8.49833
inf 0.200703 8.50641
inf 0.202795 8.51445
inf 0.204977 8.52245
inf 0.20725 8.53042
inf 0.209617 8.53835
inf 0.21208 8.54624
inf 0.214643 8.55409
inf 0.217307 8.5619
inf 0.220076 8.56967
inf 0.222953 8.5774
inf 0.225942 8.58509
inf 0.229045 8.59273
inf 0.232267 8.60033
inf 0.235612 8.60788
inf 0.239084 8.6154
inf 0.242687 8.62286
inf 0.246425 8.63028
inf 0.250305 8.63766
inf 0.254331 8.64499
inf 0.258509 8.65228
inf 0.262845 8.65952
inf 0.267345 8.66672
inf 0.272016 8.67387
inf 0.276866 8.68098
inf 0.281902 8.68805
inf 0.287134 8.69507
inf 0.292568 8.70205
inf 0.298217 8.70899
inf 0.30409 8.71589
inf 0.310198 8.72274
inf 0.316554 8.72956
inf 0.323171 8.73634
inf 0.330064 8.74307
inf 0.33725 8.74978
inf 0.344745 8.75644
inf 0.352569 8.76308
inf 0.360744 8.76968
inf 0.369293 8.77624
inf 0.378243 8.78278
inf 0.387624 8.78929
inf 0.397469 8.79577
inf 0.407817 8.80223
inf 0.418712 8.80866
inf 0.430203 8.81508
inf 0.442348 8.82148
inf 0.455214 8.82786
inf 0.468883 8.83424
inf 0.483449 8.8406
inf 0.499027 8.84697
inf 0.515759 8.85334
inf 0.533821 8.85972
inf 0.553436 8.86611
inf 0.574893 8.87253
inf 0.598335 8.87899
inf 0.608779 8.88533
inf 0.619178 8.89156
inf 0.629697 8.89767
inf 0.640337 8.90368
inf 0.651092 8.90958
inf 0.661957 8.91538
inf 0.67293 8.92108
inf 0.684005 8.92667
inf 0.695176 8.93218
inf 0.706439 8.93758
inf 0.717787 8.9429
inf 0.729214 8.94812
inf 0.740714 8.95326
inf 0.752279 8.95831
inf 0.763902 8.96328
inf 0.775575 8.96816
inf 0.78729 8.97297
inf 0.799038 8.97769
inf 0.81081 8.98234
inf 0.822596 8.98692
inf 0.834386 8.99142
inf 0.846168 8.99585
inf 0.857933 9.00021
inf 0.869668 9.00451
inf 0.88136 9.00873
inf 0.892997 9.01289
inf 0.904566 9.01699
inf 0.916052 9.02103
inf 0.92744 9.025
inf 0.938717 9.02891
inf 0.949865 9.03277
inf 0.960869 9.03657
inf 0.971711 9.04031
inf 0.982374 9.044
inf 0.992838 9.04763
inf 1.00309 9.05121
inf 1.0131 9.05474
inf 1.02286 9.05822
inf 1.03234 9.06165
inf 1.04152 9.06503
inf 1.05039 9.06837
inf 1.05891 9.07165
inf 1.06707 9.0749
inf 1.07484 9.07809
inf 1.08219 9.08125
inf 1.08912 9.08436
inf 1.09557 9.08743
inf 1.10155 9.09046
inf 1.107 9.09345
inf 1.11192 9.0964
inf 1.11628 9.09931
inf 1.12004 9.10219
inf 1.12318 9.10502
inf 1.12567 9.10783
inf 1.12749 9.11059
inf 1.1286 9.11332
inf 1.12899 9.11602
inf 1.12862 9.11868
inf 1.12747 9.12131
inf 1.1255 9.12391
inf 1.1227 9.12647
inf 1.11904 9.12901
inf 1.11448 9.13152
inf 1.10901 9.13399
inf 1.10261 9.13644
inf 1.09524 9.13885
inf 1.08689 9.14124
inf 1.07754 9.14361
inf 1.06716 9.14594
inf 1.05575 9.14825
inf 1.04388 9.15053
inf 1.03164 9.15279
inf 1.01835 9.15502
inf 1.00398 9.15723
inf 0.988535 9.15941
inf 0.972007 9.16157
inf 0.954388 9.16371
inf 0.935681 9.16582
inf 0.91589 9.16792
inf 0.895023 9.16999
inf 0.873091 9.17203
inf 0.850109 9.17406
inf 0.826102 9.17607
inf 0.801094 9.17806
inf 0.775119 9.18002
inf 0.748216 9.18197
inf 0.720429 9.1839
inf 0.691814 9.18581
inf 0.662427 9.1877
inf 0.63234 9.18957
inf 0.60163 9.19142
inf 0.570383 9.19326
inf 0.538696 9.19508
inf 0.506678 9.19688
inf 0.474446 9.19867
inf 0.442131 9.20043
inf 0.409876 9.20218
inf 0.377838 9.20392
inf 0.346187 9.20564
inf 0.315108 9.20734
inf 0.284797 9.20902
inf 0.255471 9.21069
inf 0.227355 9.21234
inf 0.200691 9.21397
inf 0.175728 9.21558
inf 0.152721 9.21717
inf 0.131917 9.21873
inf 0.113526 9.22027
inf 0.0976678 9.22176
inf 0.0841955 9.2232
inf 0.0720587 9.22454
inf 0.0602819 9.22571
inf 0.0639243 9.22694
inf 0.101579 9.22876
inf 0.119768 9.23061
inf 0.148254 9.23245
inf 0.181285 9.23421
inf 0.224985 9.23592
inf 0.280743 9.23759
inf 0.349091 9.23923
inf 0.430961 9.24085
inf 0.527524 9.24246
inf 0.640122 9.24406
inf 0.770251 9.24565
inf 0.919569 9.24723
inf 1.08991 9.2488
inf 1.28328 9.25036
inf 1.50195 9.25193
inf 1.74838 9.25348
inf 2.02537 9.25504
inf 2.33603 9.25659
inf 2.68389 9.25814
inf 3.07296 9.2597
inf 3.50782 9.26125
inf 3.99379 9.26282
inf 4.5371 9.26438
inf 5.14514 9.26596
inf 5.82682 9.26754
inf 6.59309 9.26913
inf 7.45767 9.27075
inf 8.43833 9.27238
inf 9.55873 9.27403
inf 10.8518 9.27571
inf 12.366 9.27744
inf 14.1779 9.27921
inf 15.9338 9.281
inf 17.1403 9.28273
inf 18.3844 9.28442
inf 19.6811 9.28606
inf 21.0272 9.28766
inf 22.4199 9.28923
inf 23.8573 9.29077
inf 25.3376 9.29229
inf 26.8593 9.29379
inf 28.4209 9.29526
inf 30.021 9.29671
inf 31.6584 9.29815
inf 33.3316 9.29958
inf 35.0396 9.30099
inf 36.7811 9.30238
inf 38.5547 9.30377
inf 40.3596 9.30515
inf 42.1948 9.30651
inf 44.0594 9.30788
inf 45.8785 9.30923
inf 47.4703 9.31057
inf 49.0698 9.31189
inf 50.6769 9.31321
inf 52.2892 9.31451
inf 53.9041 9.31581
inf 55.5194 9.31711
inf 57.1333 9.31839
inf 58.7435 9.31967
inf 60.3485 9.32095
inf 61.9464 9.32223
inf 63.5358 9.32351
inf 65.1153 9.32479
inf 66.6838 9.32607
inf 68.2407 9.32735
inf 69.7853 9.32863
inf 71.3174 9.32992
inf 72.8376 9.33122
inf 74.347 9.33253
inf 75.8473 9.33384
inf 77.3415 9.33517
inf 78.8338 9.3365
inf 80.3304 9.33786
inf 81.8395 9.33923
inf 83.3735 9.34062
inf 84.9488 9.34203
inf 86.5893 9.34347
inf 88.5034 9.34495
inf 90.5996 9.34646
inf 89.5005 9.34796
inf 85.7233 9.3494
inf 82.5266 9.35081
inf 79.7652 9.35218
inf 77.299 9.35352
inf 75.0451 9.35485
inf 72.9511 9.35615
inf 70.9832 9.35745
inf 69.1183 9.35873
inf 67.3409 9.36
inf 65.6405 9.36127
inf 64.0106 9.36253
inf 62.4475 9.3638
inf 60.9501 9.36506
inf 59.5202 9.36633
inf 58.162 9.3676
inf 56.883 9.36888
inf 55.6956 9.37018
inf 54.6189 9.37149
inf 53.6831 9.37282
inf 52.9382 9.37418
inf 52.4718 9.37559
inf 52.4566 9.37704
inf 53.2934 9.37859
inf 56.2554 9.3803
inf 56.6787 9.38211
inf 54.3839 9.38395
inf 42.4242 9.38547
inf 36.0801 9.38686
inf 32.1542 9.38817
inf 29.2069 9.38942
inf 26.8083 9.39063
inf 24.7759 9.3918
inf 23.0103 9.39294
inf 21.4503 9.39406
inf 20.0548 9.39515
inf 18.7948 9.39623
inf 17.6487 9.39728
inf 16.6001 9.39832
inf 15.6363 9.39935
inf 14.7466 9.40036
inf 13.9229 9.40136
inf 13.1579 9.40235
inf 12.4457 9.40333
inf 11.7813 9.40429
inf 11.1604 9.40525
inf 10.5791 9.4062
inf 10.0341 9.40714
inf 9.52247 9.40807
inf 9.04162 9.409
inf 8.58924 9.40992
inf 8.16323 9.41083
inf 7.76172 9.41174
inf 7.38299 9.41263
inf 7.02549 9.41353
inf 6.68783 9.41442
inf 6.3687 9.4153
inf 6.06693 9.41618
inf 5.78142 9.41705
inf 5.51117 9.41792
inf 5.25526 9.41879
inf 5.01282 9.41965
inf 4.78306 9.42051
inf 4.56523 9.42136
inf 4.35866 9.42221
inf 4.1627 9.42305
inf 3.97675 9.4239
inf 3.80026 9.42474
inf 3.63269 9.42557
inf 3.47357 9.4264
inf 3.32242 9.42723
inf 3.17883 9.42806
inf 3.04238 9.42888
inf 2.9127 9.42971
inf 2.78943 9.43053
inf 2.67223 9.43134
inf 2.56079 9.43216
inf 2.45481 9.43297
inf 2.354 9.43378
inf 2.2581 9.43458
inf 2.16686 9.43539
inf 2.08005 9.43619
inf 1.99744 9.43699
inf 1.91881 9.43779
inf 1.84397 9.43859
inf 1.77273 9.43938
inf 1.7049 9.44018
inf 1.64033 9.44097
inf 1.57884 9.44176
inf 1.52029 9.44255
inf 1.46453 9.44333
inf 1.41143 9.44412
inf 1.36084 9.4449
inf 1.31266 9.44568
inf 1.26677 9.44646
inf 1.22304 9.44724
inf 1.18139 9.44802
inf 1.1417 9.44879
inf 1.10388 9.44957
inf 1.06785 9.45034
inf 1.03351 9.45111
inf 1.00079 9.45189
inf 0.969604 9.45265
inf 0.939883 9.45342
inf 0.911557 9.45419
inf 0.884558 9.45496
inf 0.858822 9.45572
inf 0.834291 9.45648
inf 0.810906 9.45725
inf 0.788612 9.45801
inf 0.767359 9.45877
inf 0.747096 9.45953
inf 0.727778 9.46029
inf 0.709357 9.46104
inf 0.691794 9.4618
inf 0.675045 9.46255
inf 0.659075 9.46331
inf 0.643844 9.46406
inf 0.629318 9.46481
inf 0.615465 9.46557
inf 0.602251 9.46632
inf 0.589648 9.46707
inf 0.577624 9.46781
inf 0.566155 9.46856
inf 0.555213 9.46931
inf 0.544773 9.47005
inf 0.534812 9.4708
inf 0.525306 9.47154
inf 0.516235 9.47228
inf 0.507577 9.47303
inf 0.499313 9.47377
inf 0.491424 9.47451
inf 0.483892 9.47525
inf 0.4767 9.47599
inf 0.469833 9.47672
inf 0.463273 9.47746
inf 0.457008 9.4782
inf 0.451022 9.47893
inf 0.445302 9.47966
inf 0.439836 9.4804
inf 0.43461 9.48113
inf 0.429613 9.48186
inf 0.424835 9.48259
inf 0.420264 9.48332
inf 0.41589 9.48405
inf 0.411704 9.48478
inf 0.407696 9.4855
inf 0.403857 9.48623
inf 0.40018 9.48695
inf 0.396655 9.48768
inf 0.393275 9.4884
inf 0.390033 9.48912
inf 0.386922 9.48984
inf 0.383934 9.49056
inf 0.381064 9.49128
inf 0.378305 9.492
inf 0.375651 9.49272
inf 0.373098 9.49343
inf 0.370638 9.49415
inf 0.368267 9.49486
inf 0.365981 9.49557
inf 0.363774 9.49628
inf 0.361641 9.49699
inf 0.359579 9.4977
inf 0.357584 9.49841
inf 0.35565 9.49912
inf 0.353774 9.49982
inf 0.351953 9.50053
inf 0.350183 9.50123
inf 0.34846 9.50193
inf 0.346781 9.50263
inf 0.345143 9.50333
inf 0.343543 9.50403
inf 0.341978 9.50472
inf 0.340445 9.50542
inf 0.33894 9.50611
inf 0.337462 9.5068
inf 0.336008 9.50749
inf 0.334574 9.50818
inf 0.333159 9.50887
inf 0.33176 9.50955
inf 0.330375 9.51024
inf 0.329002 9.51092
inf 0.327637 9.5116
inf 0.326279 9.51228
inf 0.324926 9.51295
inf 0.323575 9.51363
inf 0.322225 9.5143
inf 0.320872 9.51497
inf 0.319515 9.51564
inf 0.318152 9.51631
inf 0.31678 9.51697
inf 0.315398 9.51763
inf 0.314003 9.51829
inf 0.312593 9.51895
inf 0.311166 9.5196
inf 0.309719 9.52026
inf 0.30825 9.52091
inf 0.306757 9.52155
inf 0.305237 9.5222
inf 0.303688 9.52284
inf 0.302107 9.52348
inf 0.300491 9.52411
inf 0.298838 9.52474
inf 0.297144 9.52537
inf 0.295406 9.526
inf 0.293622 9.52662
inf 0.291786 9.52724
inf 0.289897 9.52785
inf 0.287949 9.52847
inf 0.285938 9.52907
inf 0.283859 9.52967
inf 0.281708 9.53027
inf 0.279478 9.53087
inf 0.277165 9.53146
inf 0.27476 9.53204
inf 0.272257 9.53262
inf 0.269646 9.53319
inf 0.26692 9.53376
inf 0.264067 9.53432
inf 0.261076 9.53488
inf 0.257933 9.53543
inf 0.254621 9.53597
inf 0.251124 9.5365
inf 0.247419 9.53703
inf 0.243481 9.53755
inf 0.239279 9.53806
inf 0.234775 9.53856
inf 0.229921 9.53905
inf 0.224659 9.53953
inf 0.218909 9.53999
inf 0.212568 9.54045
inf 0.205488 9.54088
inf 0.197456 9.5413
inf 0.188138 9.54171
inf 0.176964 9.54208
inf 0.162807 9.54243
inf 0.142775 9.54273
inf 0.120027 9.54299
inf 0.110501 9.54323
inf 0.140553 9.54353
inf 0.159697 9.54387
inf 0.174114 9.54424
inf 0.185866 9.54463
inf 0.195895 9.54505
inf 0.204715 9.54549
inf 0.212637 9.54594
inf 0.219863 9.54641
inf 0.226535 9.5469
inf 0.232754 9.54739
inf 0.238597 9.5479
inf 0.244123 9.54842
inf 0.249378 9.54895
inf 0.254397 9.5495
inf 0.259213 9.55005
inf 0.263848 9.55061
inf 0.268326 9.55119
inf 0.272662 9.55177
inf 0.276872 9.55236
inf 0.28097 9.55296
inf 0.284966 9.55357
inf 0.288869 9.55419
inf 0.292691 9.55481
inf 0.296436 9.55544
inf 0.300114 9.55608
inf 0.303729 9.55673
inf 0.307288 9.55739
inf 0.310794 9.55805
inf 0.314254 9.55872
inf 0.317671 9.5594
inf 0.321048 9.56009
inf 0.32439 9.56078
inf 0.3277 9.56148
inf 0.33098 9.56219
inf 0.334233 9.5629
inf 0.337462 9.56362
inf 0.34067 9.56435
inf 0.343857 9.56509
inf 0.347028 9.56583
inf 0.350184 9.56658
inf 0.353325 9.56733
inf 0.356455 9.56809
inf 0.359575 9.56886
inf 0.362686 9.56964
inf 0.365791 9.57042
inf 0.368889 9.57121
inf 0.371984 9.572
inf 0.375076 9.57281
inf 0.378167 9.57361
inf 0.381257 9.57443
inf 0.384349 9.57525
inf 0.387442 9.57608
inf 0.390539 9.57691
inf 0.39364 9.57776
inf 0.396746 9.57861
inf 0.399859 9.57946
inf 0.40298 9.58032
inf 0.406109 9.58119
inf 0.409247 9.58207
inf 0.412396 9.58295
inf 0.415556 9.58384
inf 0.418729 9.58473
inf 0.421914 9.58564
inf 0.425115 9.58655
inf 0.42833 9.58746
inf 0.431561 9.58839
inf 0.43481 9.58932
inf 0.438076 9.59025
inf 0.44136 9.5912
inf 0.444665 9.59215
inf 0.44799 9.59311
inf 0.451337 9.59408
inf 0.454705 9.59505
inf 0.458097 9.59603
inf 0.461514 9.59702
inf 0.464956 9.59802
inf 0.468423 9.59902
inf 0.471918 9.60003
inf 0.47544 9.60105
inf 0.478992 9.60208
inf 0.482573 9.60311
inf 0.486185 9.60415
inf 0.489829 9.6052
inf 0.493506 9.60626
inf 0.497217 9.60733
inf 0.500963 9.6084
inf 0.504744 9.60948
inf 0.508564 9.61058
inf 0.51242 9.61167
inf 0.516317 9.61278
inf 0.520253 9.6139
inf 0.524232 9.61502
inf 0.528253 9.61616
inf 0.532318 9.6173
inf 0.536428 9.61845
inf 0.540585 9.61961
inf 0.544789 9.62078
inf 0.549043 9.62196
inf 0.553347 9.62315
inf 0.557703 9.62435
inf 0.562112 9.62556
inf 0.566575 9.62678
inf 0.571095 9.628
inf 0.575673 9.62924
inf 0.580309 9.63049
inf 0.585007 9.63175
inf 0.589767 9.63302
inf 0.594591 9.6343
inf 0.599482 9.63559
inf 0.604439 9.63689
inf 0.609467 9.6382
inf 0.614566 9.63952
inf 0.619738 9.64086
inf 0.624986 9.6422
inf 0.630311 9.64356
inf 0.635716 9.64493
inf 0.641202 9.64631
inf 0.646773 9.64771
inf 0.65243 9.64912
inf 0.658175 9.65053
inf 0.664012 9.65197
inf 0.669944 9.65341
inf 0.675972 9.65487
inf 0.682098 9.65634
inf 0.688327 9.65783
inf 0.694661 9.65933
inf 0.701103 9.66085
inf 0.707656 9.66238
inf 0.714325 9.66392
inf 0.72111 9.66548
inf 0.728017 9.66705
inf 0.735049 9.66864
inf 0.74221 9.67025
inf 0.749504 9.67187
inf 0.756933 9.67351
inf 0.764505 9.67516
inf 0.772221 9.67684
inf 0.780087 9.67853
inf 0.788108 9.68023
inf 0.796289 9.68196
inf 0.804633 9.68371
inf 0.813148 9.68547
inf 0.821838 9.68725
inf 0.830709 9.68906
inf 0.839768 9.69088
inf 0.849021 9.69272
inf 0.858473 9.69459
inf 0.868131 9.69647
inf 0.878005 9.69838
inf 0.888102 9.70031
inf 0.898426 9.70227
inf 0.908989 9.70424
inf 0.919797 9.70625
inf 0.930861 9.70827
inf 0.94219 9.71033
inf 0.953794 9.7124
inf 0.965683 9.71451
inf 0.977867 9.71664
inf 0.99036 9.7188
inf 1.00317 9.72099
inf 1.01632 9.72321
inf 1.02981 9.72546
inf 1.04366 9.72774
inf 1.05788 9.73005
inf 1.0725 9.73239
inf 1.08752 9.73477
inf 1.10297 9.73718
inf 1.11887 9.73963
inf 1.13522 9.74212
inf 1.15206 9.74464
inf 1.16941 9.7472
inf 1.18729 9.74981
inf 1.20573 9.75245
inf 1.22475 9.75514
inf 1.24438 9.75787
inf 1.26466 9.76065
inf 1.28561 9.76347
inf 1.30728 9.76635
inf 1.3297 9.76927
inf 1.35291 9.77225
inf 1.37696 9.77528
inf 1.40189 9.77837
inf 1.42776 9.78152
inf 1.45463 9.78473
inf 1.48255 9.788
inf 1.51159 9.79134
inf 1.54183 9.79474
inf 1.57336 9.79822
inf 1.60625 9.80177
inf 1.64061 9.8054
inf 1.67654 9.80912
inf 1.71419 9.81291
inf 1.75368 9.8168
inf 1.79517 9.82079
inf 1.83884 9.82487
inf 1.8849 9.82906
inf 1.93359 9.83336
inf 1.98519 9.83778
inf 2.04003 9.84232
inf 2.09851 9.847
inf 2.1611 9.85182
inf 2.2284 9.85679
inf 2.30115 9.86193
inf 2.38029 9.86725
inf 2.46709 9.87278
inf 2.56323 9.87852
inf 2.67108 9.88451
inf 2.79414 9.89078
inf 2.93782 9.89738
inf 3.11124 9.90438
inf 3.33152 9.91189
inf 3.63672 9.92009
inf 4.1423 9.92944
inf 5.72921 9.9424
inf 4.69701 9.95304
inf 3.98566 9.96209
inf 3.76201 9.97065
inf 3.64814 9.97896
inf 3.57463 9.98712
inf 3.5228 9.99517
inf 3.48441 10.0031
inf 3.45496 10.0111
inf 3.43174 10.0189
inf 3.41299 10.0268
inf 3.39755 10.0346
inf 3.38458 10.0424
inf 3.37348 10.0502
inf 3.36381 10.058
inf 3.35524 10.0657
inf 3.34754 10.0735
inf 3.3405 10.0813
inf 3.33399 10.089
inf 3.32789 10.0968
inf 3.32211 10.1045
inf 3.31658 10.1123
inf 3.31126 10.12
inf 3.3061 10.1277
inf 3.30106 10.1355
inf 3.29613 10.1432
inf 3.29127 10.151
inf 3.28648 10.1587
inf 3.28174 10.1664
inf 3.27704 10.1742
inf 3.27237 10.1819
inf 3.26772 10.1897
inf 3.26311 10.1974
inf 3.2585 10.2051
inf 3.25391 10.2129
inf 3.24934 10.2206
inf 3.24477 10.2284
inf 3.24021 10.2361
inf 3.23566 10.2438
inf 3.23111 10.2516
inf 3.22657 10.2593
inf 3.22203 10.2671
inf 3.2175 10.2748
inf 3.21297 10.2825
inf 3.20845 10.2903
inf 3.20392 10.298
inf 3.1994 10.3058
inf 3.19489 10.3135
inf 3.19037 10.3212
inf 3.18586 10.329
inf 3.18135 10.3367
inf 3.17684 10.3445
inf 3.17233 10.3522
inf 3.16783 10.36
inf 3.16333 10.3677
inf 3.15883 10.3754
inf 3.15433 10.3832
inf 3.14984 10.3909
inf 3.14535 10.3987
inf 3.14086 10.4064
inf 3.13637 10.4142
inf 3.13188 10.4219
inf 3.1274 10.4297
inf 3.12292 10.4374
inf 3.11844 10.4452
inf 3.11396 10.4529
inf 3.10949 10.4606
inf 3.10501 10.4684
inf 3.10054 10.4761
inf 3.09607 10.4839
inf 3.09161 10.4916
inf 3.08714 10.4994
inf 3.08268 10.5071
inf 3.07821 10.5149
inf 3.07376 10.5226
inf 3.0693 10.5304
inf 3.06485 10.5381
inf 3.0604 10.5459
inf 3.05595 10.5536
inf 3.0515 10.5614
inf 3.04705 10.5691
inf 3.04261 10.5769
inf 3.03817 10.5846
inf 3.03372 10.5924
inf 3.02929 10.6001
inf 3.02485 10.6079
inf 3.02042 10.6156
inf 3.01599 10.6234
inf 3.01156 10.6311
inf 3.00713 10.6389
inf 3.00271 10.6466
inf 2.99829 10.6544
inf 2.99386 10.6621
inf 2.98945 10.6699
inf 2.98503 10.6777
inf 2.98062 10.6854
inf 2.9762 10.6932
inf 2.97179 10.7009
inf 2.96739 10.7087
inf 2.96298 10.7164
inf 2.95857 10.7242
inf 2.95417 10.7319
inf 2.94977 10.7397
inf 2.94537 10.7474
inf 2.94098 10.7552
inf 2.93659 10.763
inf 2.9322 10.7707
inf 2.92781 10.7785
inf 2.92342 10.7862
inf 2.91904 10.794
inf 2.91466 10.8017
inf 2.91028 10.8095
inf 2.9059 10.8173
inf 2.90152 10.825
inf 2.89715 10.8328
inf 2.89277 10.8405
inf 2.88841 10.8483
inf 2.88404 10.8561
inf 2.87967 10.8638
inf 2.87531 10.8716
inf 2.87095 10.8793
inf 2.86659 10.8871
inf 2.86223 10.8949
inf 2.85788 10.9026
inf 2.85353 10.9104
inf 2.84918 10.9181
inf 2.84483 10.9259
inf 2.84048 10.9337
inf 2.83614 10.9414
inf 2.8318 10.9492
inf 2.82746 10.9569
inf 2.82312 10.9647
inf 2.81879 10.9725
inf 2.81446 10.9802
inf 2.81012 10.988
inf 2.8058 10.9958
inf 2.80147 11.0035
inf 2.79715 11.0113
inf 2.79283 11.0191
inf 2.7885 11.0268
inf 2.78419 11.0346
inf 2.77987 11.0423
inf 2.77556 11.0501
inf 2.77125 11.0579
inf 2.76694 11.0656
inf 2.76263 11.0734
inf 2.75833 11.0812
inf 2.75402 11.0889
inf 2.74972 11.0967
inf 2.74542 11.1045
inf 2.74113 11.1122
inf 2.73684 11.12
inf 2.73255 11.1278
inf 2.72826 11.1355
inf 2.72397 11.1433
inf 2.71968 11.1511
inf 2.7154 11.1589
inf 2.71112 11.1666
inf 2.70684 11.1744
inf 2.70256 11.1822
inf 2.69829 11.1899
inf 2.69402 11.1977
inf 2.68975 11.2055
inf 2.68548 11.2132
inf 2.68122 11.221
inf 2.67695 11.2288
inf 2.67269 11.2366
inf 2.66843 11.2443
inf 2.66418 11.2521
inf 2.65992 11.2599
inf 2.65567 11.2676
inf 2.65142 11.2754
inf 2.64717 11.2832
inf 2.64293 11.291
inf 2.63869 11.2987
inf 2.63445 11.3065
inf 2.6302 11.3143
inf 2.62597 11.3221
inf 2.62173 11.3298
inf 2.6175 11.3376
inf 2.61327 11.3454
inf 2.60904 11.3532
inf 2.60482 11.3609
inf 2.6006 11.3687
inf 2.59637 11.3765
inf 2.59216 11.3843
inf 2.58794 11.392
inf 2.58373 11.3998
inf 2.57951 11.4076
inf 2.57531 11.4154
inf 2.5711 11.4231
inf 2.56689 11.4309
inf 2.56269 11.4387
inf 2.55849 11.4465
inf 2.55429 11.4543
inf 2.55009 11.462
inf 2.5459 11.4698
inf 2.54171 11.4776
inf 2.53752 11.4854
inf 2.53333 11.4932
inf 2.52914 11.5009
inf 2.52496 11.5087
inf 2.52078 11.5165
inf 2.5166 11.5243
inf 2.51243 11.5321
inf 2.50825 11.5398
inf 2.50408 11.5476
inf 2.49991 11.5554
inf 2.49574 11.5632
inf 2.49158 11.571
inf 2.48742 11.5787
inf 2.48325 11.5865
inf 2.47909 11.5943
inf 2.47494 11.6021
inf 2.47079 11.6099
inf 2.46664 11.6177
inf 2.46249 11.6254
inf 2.45834 11.6332
inf 2.45419 11.641
inf 2.45005 11.6488
inf 2.44591 11.6566
inf 2.44177 11.6644
inf 2.43764 11.6721
inf 2.43351 11.6799
inf 2.42937 11.6877
inf 2.42524 11.6955
inf 2.42112 11.7033
inf 2.41699 11.7111
inf 2.41287 11.7189
inf 2.40875 11.7266
inf 2.40464 11.7344
inf 2.40052 11.7422
inf 2.39641 11.75
inf 2.3923 11.7578
inf 2.38819 11.7656
inf 2.38408 11.7734
inf 2.37998 11.7812
inf 2.37588 11.789
inf 2.37178 11.7967
inf 2.36768 11.8045
inf 2.36359 11.8123
inf 2.3595 11.8201
inf 2.35541 11.8279
inf 2.35132 11.8357
inf 2.34723 11.8435
inf 2.34315 11.8513
inf 2.33907 11.8591
inf 2.33499 11.8669
inf 2.33091 11.8746
inf 2.32684 11.8824
inf 2.32277 11.8902
inf 2.3187 11.898
inf 2.31463 11.9058
inf 2.31057 11.9136
inf 2.30651 11.9214
inf 2.30245 11.9292
inf 2.29839 11.937
inf 2.29433 11.9448
inf 2.29028 11.9526
inf 2.28623 11.9604
inf 2.28218 11.9682
inf 2.27813 11.976
inf 2.27409 11.9838
inf 2.27005 11.9915
inf 2.26601 11.9993
inf 2.26198 12.0071
inf 2.25794 12.0149
inf 2.25391 12.0227
inf 2.24988 12.0305
inf 2.24585 12.0383
inf 2.24183 12.0461
inf 2.2378 12.0539
inf 2.23378 12.0617
inf 2.22977 12.0695
inf 2.22575 12.0773
inf 2.22174 12.0851
inf 2.21773 12.0929
inf 2.21372 12.1007
inf 2.20971 12.1085
inf 2.20571 12.1163
inf 2.2017 12.1241
inf 2.19771 12.1319
inf 2.19371 12.1397
inf 2.18971 12.1475
inf 2.18572 12.1553
inf 2.18173 12.1631
inf 2.17774 12.1709
inf 2.17376 12.1787
inf 2.16978 12.1865
inf 2.1658 12.1943
inf 2.16182 12.2021
inf 2.15784 12.2099
inf 2.15387 12.2177
inf 2.1499 12.2255
inf 2.14593 12.2333
inf 2.14196 12.2411
inf 2.138 12.2489
inf 2.13404 12.2567
inf 2.13008 12.2645
inf 2.12612 12.2723
inf 2.12217 12.2801
inf 2.11822 12.2879
inf 2.11427 12.2957
inf 2.11032 12.3036
inf 2.10638 12.3114
inf 2.10243 12.3192
inf 2.09849 12.327
inf 2.09456 12.3348
inf 2.09062 12.3426
inf 2.08669 12.3504
inf 2.08276 12.3582
inf 2.07883 12.366
inf 2.0749 12.3738
inf 2.07098 12.3816
inf 2.06706 12.3894
inf 2.06314 12.3972
inf 2.05922 12.405
inf 2.05531 12.4128
inf 2.0514 12.4207
inf 2.04749 12.4285
inf 2.04359 12.4363
inf 2.03968 12.4441
inf 2.03578 12.4519
inf 2.03188 12.4597
inf 2.02798 12.4675
inf 2.02409 12.4753
inf 2.0202 12.4831
inf 2.01631 12.4909
inf 2.01242 12.4988
inf 2.00854 12.5066
inf 2.00466 12.5144
inf 2.00078 12.5222
inf 1.9969 12.53
inf 1.99302 12.5378
inf 1.98915 12.5456
inf 1.98528 12.5534
inf 1.98142 12.5613
inf 1.97755 12.5691
inf 1.97369 12.5769
inf 1.96983 12.5847
inf 1.96597 12.5925
inf 1.96211 12.6003
inf 1.95826 12.6081
inf 1.95441 12.6159
inf 1.95056 12.6238
inf 1.94672 12.6316
inf 1.94287 12.6394
inf 1.93903 12.6472
inf 1.93519 12.655
inf 1.93136 12.6628
inf 1.92753 12.6707
inf 1.92369 12.6785
inf 1.91987 12.6863
inf 1.91604 12.6941
inf 1.91222 12.7019
inf 1.9084 12.7097
inf 1.90458 12.7176
inf 1.90076 12.7254
inf 1.89695 12.7332
inf 1.89314 12.741
inf 1.88933 12.7488
inf 1.88552 12.7567
inf 1.88172 12.7645
inf 1.87792 12.7723
inf 1.87412 12.7801
inf 1.87033 12.7879
inf 1.86653 12.7958
inf 1.86274 12.8036
inf 1.85895 12.8114
inf 1.85516 12.8192
inf 1.85138 12.827
inf 1.8476 12.8349
inf 1.84382 12.8427
inf 1.84004 12.8505
inf 1.83627 12.8583
inf 1.8325 12.8661
inf 1.82873 12.874
inf 1.82497 12.8818
inf 1.8212 12.8896
inf 1.81744 12.8974
inf 1.81368 12.9053
inf 1.80993 12.9131
inf 1.80617 12.9209
inf 1.80242 12.9287
inf 1.79867 12.9366
inf 1.79493 12.9444
inf 1.79118 12.9522
inf 1.78744 12.96
inf 1.7837 12.9679
inf 1.77997 12.9757
inf 1.77623 12.9835
inf 1.7725 12.9913
inf 1.76878 12.9992
inf 1.76505 13.007
inf 1.76133 13.0148
inf 1.75761 13.0226
inf 1.75389 13.0305
inf 1.75017 13.0383
inf 1.74646 13.0461
inf 1.74275 13.054
inf 1.73904 13.0618
inf 1.73534 13.0696
inf 1.73163 13.0774
inf 1.72793 13.0853
inf 1.72424 13.0931
inf 1.72054 13.1009
inf 1.71685 13.1088
inf 1.71316 13.1166
inf 1.70947 13.1244
inf 1.70579 13.1322
inf 1.7021 13.1401
inf 1.69843 13.1479
inf 1.69475 13.1557
inf 1.69107 13.1636
inf 1.6874 13.1714
inf 1.68373 13.1792
inf 1.68007 13.1871
inf 1.6764 13.1949
inf 1.67274 13.2027
inf 1.66908 13.2106
inf 1.66542 13.2184
inf 1.66177 13.2262
inf 1.65812 13.2341
inf 1.65447 13.2419
inf 1.65082 13.2497
inf 1.64718 13.2576
inf 1.64354 13.2654
inf 1.6399 13.2732
inf 1.63627 13.2811
inf 1.63263 13.2889
inf 1.629 13.2967
inf 1.62538 13.3046
inf 1.62175 13.3124
inf 1.61813 13.3203
inf 1.61451 13.3281
inf 1.61089 13.3359
inf 1.60728 13.3438
inf 1.60366 13.3516
inf 1.60005 13.3594
inf 1.59645 13.3673
inf 1.59284 13.3751
inf 1.58924 13.383
inf 1.58564 13.3908
inf 1.58205 13.3986
inf 1.57845 13.4065
inf 1.57486 13.4143
inf 1.57127 13.4221
inf 1.56769 13.43
inf 1.56411 13.4378
inf 1.56052 13.4457
inf 1.55695 13.4535
inf 1.55337 13.4614
inf 1.5498 13.4692
inf 1.54623 13.477
inf 1.54266 13.4849
inf 1.5391 13.4927
inf 1.53554 13.5006
inf 1.53198 13.5084
inf 1.52842 13.5162
inf 1.52487 13.5241
inf 1.52132 13.5319
inf 1.51777 13.5398
inf 1.51422 13.5476
inf 1.51068 13.5555
inf 1.50714 13.5633
inf 1.5036 13.5711
inf 1.50007 13.579
inf 1.49654 13.5868
inf 1.49301 13.5947
inf 1.48948 13.6025
inf 1.48595 13.6104
inf 1.48243 13.6182
inf 1.47892 13.6261
inf 1.4754 13.6339
inf 1.47189 13.6418
inf 1.46838 13.6496
inf 1.46487 13.6575
inf 1.46136 13.6653
inf 1.45786 13.6731
inf 1.45436 13.681
inf 1.45086 13.6888
inf 1.44737 13.6967
inf 1.44388 13.7045
inf 1.44039 13.7124
inf 1.4369 13.7202
inf 1.43342 13.7281
inf 1.42994 13.7359
inf 1.42646 13.7438
inf 1.42299 13.7516
inf 1.41951 13.7595
inf 1.41604 13.7673
inf 1.41258 13.7752
inf 1.40911 13.783
inf 1.40565 13.7909
inf 1.40219 13.7987
inf 1.39874 13.8066
inf 1.39528 13.8144
inf 1.39184 13.8223
inf 1.38839 13.8301
inf 1.38494 13.838
inf 1.3815 13.8459
inf 1.37806 13.8537
inf 1.37463 13.8616
inf 1.37119 13.8694
inf 1.36776 13.8773
inf 1.36433 13.8851
inf 1.36091 13.893
inf 1.35749 13.9008
inf 1.35407 13.9087
inf 1.35065 13.9165
inf 1.34724 13.9244
inf 1.34382 13.9323
inf 1.34042 13.9401
inf 1.33701 13.948
inf 1.33361 13.9558
inf 1.33021 13.9637
inf 1.32681 13.9715
inf 1.32342 13.9794
inf 1.32003 13.9872
inf 1.31664 13.9951
inf 1.31325 14.003
inf 1.30987 14.0108
inf 1.30649 14.0187
inf 1.30311 14.0265
inf 1.29974 14.0344
inf 1.29636 14.0423
inf 1.293 14.0501
inf 1.28963 14.058
inf 1.28627 14.0658
inf 1.28291 14.0737
inf 1.27955 14.0816
inf 1.2762 14.0894
inf 1.27284 14.0973
inf 1.26949 14.1051
inf 1.26615 14.113
inf 1.26281 14.1209
inf 1.25947 14.1287
inf 1.25613 14.1366
inf 1.25279 14.1445
inf 1.24946 14.1523
inf 1.24613 14.1602
inf 1.24281 14.168
inf 1.23948 14.1759
inf 1.23617 14.1838
inf 1.23285 14.1916
inf 1.22953 14.1995
inf 1.22622 14.2074
inf 1.22292 14.2152
inf 1.21961 14.2231
inf 1.21631 14.231
inf 1.21301 14.2388
inf 1.20971 14.2467
inf 1.20642 14.2546
inf 1.20313 14.2624
inf 1.19984 14.2703
inf 1.19655 14.2782
inf 1.19327 14.286
inf 1.18999 14.2939
inf 1.18672 14.3018
inf 1.18344 14.3096
inf 1.18017 14.3175
inf 1.17691 14.3254
inf 1.17364 14.3332
inf 1.17038 14.3411
inf 1.16712 14.349
inf 1.16387 14.3568
inf 1.16061 14.3647
inf 1.15736 14.3726
inf 1.15412 14.3805
inf 1.15087 14.3883
inf 1.14763 14.3962
inf 1.1444 14.4041
inf 1.14116 14.4119
inf 1.13793 14.4198
inf 1.1347 14.4277
inf 1.13148 14.4356
inf 1.12825 14.4434
inf 1.12503 14.4513
inf 1.12182 14.4592
inf 1.11861 14.467
inf 1.11539 14.4749
inf 1.11219 14.4828
inf 1.10898 14.4907
inf 1.10578 14.4985
inf 1.10258 14.5064
inf 1.09939 14.5143
inf 1.0962 14.5222
inf 1.09301 14.53
inf 1.08982 14.5379
inf 1.08664 14.5458
inf 1.08346 14.5537
inf 1.08028 14.5615
inf 1.07711 14.5694
inf 1.07393 14.5773
inf 1.07077 14.5852
inf 1.0676 14.5931
inf 1.06444 14.6009
inf 1.06128 14.6088
inf 1.05813 14.6167
inf 1.05497 14.6246
inf 1.05182 14.6325
inf 1.04868 14.6403
inf 1.04553 14.6482
inf 1.0424 14.6561
inf 1.03926 14.664
inf 1.03612 14.6719
inf 1.03299 14.6797
inf 1.02987 14.6876
inf 1.02674 14.6955
inf 1.02362 14.7034
inf 1.0205 14.7113
inf 1.01739 14.7191
inf 1.01427 14.727
inf 1.01117 14.7349
inf 1.00806 14.7428
inf 1.00496 14.7507
inf 1.00186 14.7586
inf 0.998762 14.7664
inf 0.995669 14.7743
inf 0.992579 14.7822
inf 0.989493 14.7901
inf 0.986409 14.798
inf 0.98333 14.8059
inf 0.980252 14.8138
inf 0.977178 14.8216
inf 0.974107 14.8295
inf 0.971039 14.8374
inf 0.967975 14.8453
inf 0.964914 14.8532
inf 0.961856 14.8611
inf 0.958802 14.869
inf 0.95575 14.8769
inf 0.952701 14.8847
inf 0.949656 14.8926
inf 0.946615 14.9005
inf 0.943576 14.9084
inf 0.94054 14.9163
inf 0.937508 14.9242
inf 0.934479 14.9321
inf 0.931454 14.94
inf 0.928432 14.9479
inf 0.925412 14.9558
inf 0.922397 14.9637
inf 0.919384 14.9715
inf 0.916375 14.9794
inf 0.913369 14.9873
inf 0.910366 14.9952
inf 0.907367 15.0031
inf 0.90437 15.011
inf 0.901378 15.0189
inf 0.898389 15.0268
inf 0.895402 15.0347
inf 0.892419 15.0426
inf 0.88944 15.0505
inf 0.886463 15.0584
inf 0.883491 15.0663
inf 0.880521 15.0742
inf 0.877555 15.0821
inf 0.874592 15.09
inf 0.871633 15.0979
inf 0.868677 15.1058
inf 0.865724 15.1137
inf 0.862774 15.1216
inf 0.859829 15.1295
inf 0.856885 15.1374
inf 0.853946 15.1453
inf 0.85101 15.1532
inf 0.848078 15.1611
inf 0.845149 15.169
inf 0.842223 15.1769
inf 0.839301 15.1848
inf 0.836382 15.1927
inf 0.833467 15.2006
inf 0.830555 15.2085
inf 0.827646 15.2164
inf 0.824741 15.2243
inf 0.82184 15.2322
inf 0.818941 15.2401
inf 0.816047 15.248
inf 0.813155 15.2559
inf 0.810267 15.2638
inf 0.807383 15.2717
inf 0.804502 15.2796
inf 0.801625 15.2875
inf 0.798751 15.2954
inf 0.79588 15.3033
inf 0.793014 15.3112
inf 0.79015 15.3191
inf 0.78729 15.3271
inf 0.784434 15.335
inf 0.781581 15.3429
inf 0.778732 15.3508
inf 0.775887 15.3587
inf 0.773044 15.3666
inf 0.770205 15.3745
inf 0.76737 15.3824
inf 0.764539 15.3903
inf 0.761711 15.3982
inf 0.758887 15.4062
inf 0.756066 15.4141
inf 0.753249 15.422
inf 0.750435 15.4299
inf 0.747625 15.4378
inf 0.744819 15.4457
inf 0.742016 15.4536
inf 0.739217 15.4616
inf 0.736422 15.4695
inf 0.73363 15.4774
inf 0.730841 15.4853
inf 0.728057 15.4932
inf 0.725276 15.5011
inf 0.722499 15.5091
inf 0.719726 15.517
inf 0.716956 15.5249
inf 0.71419 15.5328
inf 0.711427 15.5407
inf 0.708668 15.5486
inf 0.705914 15.5566
inf 0.703162 15.5645
inf 0.700414 15.5724
inf 0.697671 15.5803
inf 0.694931 15.5883
inf 0.692194 15.5962
inf 0.689462 15.6041
inf 0.686733 15.612
inf 0.684008 15.6199
inf 0.681287 15.6279
inf 0.678569 15.6358
inf 0.675855 15.6437
inf 0.673146 15.6516
inf 0.67044 15.6596
inf 0.667737 15.6675
inf 0.665039 15.6754
inf 0.662345 15.6834
inf 0.659654 15.6913
inf 0.656967 15.6992
inf 0.654284 15.7071
inf 0.651605 15.7151
inf 0.64893 15.723
inf 0.646258 15.7309
inf 0.643591 15.7389
inf 0.640928 15.7468
inf 0.638268 15.7547
inf 0.635613 15.7627
inf 0.632961 15.7706
inf 0.630313 15.7785
inf 0.627669 15.7865
inf 0.62503 15.7944
inf 0.622394 15.8023
inf 0.619762 15.8103
inf 0.617134 15.8182
inf 0.61451 15.8262
inf 0.61189 15.8341
inf 0.609275 15.842
inf 0.606663 15.85
inf 0.604055 15.8579
inf 0.601452 15.8659
inf 0.598852 15.8738
inf 0.596256 15.8817
inf 0.593665 15.8897
inf 0.591078 15.8976
inf 0.588494 15.9056
inf 0.585915 15.9135
inf 0.58334 15.9215
inf 0.580769 15.9294
inf 0.578203 15.9374
inf 0.57564 15.9453
inf 0.573082 15.9532
inf 0.570528 15.9612
inf 0.567978 15.9691
inf 0.565432 15.9771
inf 0.56289 15.985
inf 0.560353 15.993
inf 0.557821 16.0009
inf 0.555292 16.0089
inf 0.552767 16.0169
inf 0.550247 16.0248
inf 0.547731 16.0328
inf 0.545219 16.0407
inf 0.542712 16.0487
inf 0.540209 16.0566
inf 0.537711 16.0646
inf 0.535216 16.0725
inf 0.532726 16.0805
inf 0.530241 16.0885
inf 0.52776 16.0964
inf 0.525283 16.1044
inf 0.522811 16.1124
inf 0.520344 16.1203
inf 0.517881 16.1283
inf 0.515421 16.1362
inf 0.512967 16.1442
inf 0.510517 16.1522
inf 0.508072 16.1601
inf 0.505631 16.1681
inf 0.503195 16.1761
inf 0.500763 16.184
inf 0.498336 16.192
inf 0.495913 16.2
inf 0.493496 16.208
inf 0.491082 16.2159
inf 0.488673 16.2239
inf 0.48627 16.2319
inf 0.48387 16.2399
inf 0.481476 16.2478
inf 0.479086 16.2558
inf 0.476701 16.2638
inf 0.474321 16.2718
inf 0.471945 16.2798
inf 0.469574 16.2877
inf 0.467208 16.2957
inf 0.464847 16.3037
inf 0.46249 16.3117
inf 0.460139 16.3197
inf 0.457792 16.3277
inf 0.45545 16.3356
inf 0.453113 16.3436
inf 0.450781 16.3516
inf 0.448455 16.3596
inf 0.446133 16.3676
inf 0.443816 16.3756
inf 0.441504 16.3836
inf 0.439197 16.3916
inf 0.436895 16.3996
inf 0.434598 16.4076
inf 0.432306 16.4156
inf 0.430019 16.4236
inf 0.427738 16.4316
inf 0.425462 16.4396
inf 0.423191 16.4476
inf 0.420925 16.4556
inf 0.418665 16.4636
inf 0.416409 16.4716
inf 0.414159 16.4796
inf 0.411914 16.4876
inf 0.409675 16.4956
inf 0.407441 16.5036
inf 0.405212 16.5117
inf 0.402989 16.5197
inf 0.400771 16.5277
inf 0.398559 16.5357
inf 0.396352 16.5437
inf 0.394151 16.5518
inf 0.391956 16.5598
inf 0.389765 16.5678
inf 0.387581 16.5758
inf 0.385402 16.5838
inf 0.383229 16.5919
inf 0.381062 16.5999
inf 0.3789 16.6079
inf 0.376744 16.616
inf 0.374594 16.624
inf 0.37245 16.632
inf 0.370312 16.6401
inf 0.368179 16.6481
inf 0.366053 16.6562
inf 0.363932 16.6642
inf 0.361818 16.6722
inf 0.359709 16.6803
inf 0.357607 16.6883
inf 0.355511 16.6964
inf 0.353421 16.7044
inf 0.351337 16.7125
inf 0.349259 16.7205
inf 0.347188 16.7286
inf 0.345123 16.7367
inf 0.343065 16.7447
inf 0.341013 16.7528
inf 0.338967 16.7608
inf 0.336928 16.7689
inf 0.334895 16.777
inf 0.332869 16.785
inf 0.33085 16.7931
inf 0.328837 16.8012
inf 0.326831 16.8093
inf 0.324832 16.8173
inf 0.32284 16.8254
inf 0.320854 16.8335
inf 0.318876 16.8416
inf 0.316905 16.8497
inf 0.31494 16.8578
inf 0.312983 16.8659
inf 0.311033 16.8739
inf 0.30909 16.882
inf 0.307154 16.8901
inf 0.305226 16.8982
inf 0.303305 16.9063
inf 0.301392 16.9145
inf 0.299486 16.9226
inf 0.297588 16.9307
inf 0.295698 16.9388
inf 0.293815 16.9469
inf 0.29194 16.955
inf 0.290073 16.9631
inf 0.288214 16.9713
inf 0.286363 16.9794
inf 0.28452 16.9875
inf 0.282686 16.9957
inf 0.28086 17.0038
inf 0.279041 17.0119
inf 0.277232 17.0201
inf 0.275431 17.0282
inf 0.273639 17.0364
inf 0.271855 17.0445
inf 0.27008 17.0527
inf 0.268314 17.0608
inf 0.266558 17.069
inf 0.26481 17.0771
inf 0.263071 17.0853
inf 0.261342 17.0935
inf 0.259622 17.1016
inf 0.257912 17.1098
inf 0.256211 17.118
inf 0.25452 17.1262
inf 0.252839 17.1344
inf 0.251168 17.1426
inf 0.249507 17.1508
inf 0.247857 17.159
inf 0.246216 17.1672
inf 0.244587 17.1754
inf 0.242968 17.1836
inf 0.241359 17.1918
inf 0.239762 17.2
inf 0.238176 17.2082
inf 0.236601 17.2164
inf 0.235038 17.2247
inf 0.233486 17.2329
inf 0.231946 17.2411
inf 0.230417 17.2494
inf 0.228901 17.2576
inf 0.227397 17.2659
inf 0.225906 17.2741
inf 0.224427 17.2824
inf 0.222962 17.2907
inf 0.221509 17.2989
inf 0.220069 17.3072
inf 0.218643 17.3155
inf 0.217231 17.3238
inf 0.215833 17.3321
inf 0.214448 17.3403
inf 0.213079 17.3486
inf 0.211724 17.357
inf 0.210384 17.3653
inf 0.209059 17.3736
inf 0.207749 17.3819
inf 0.206455 17.3902
inf 0.205178 17.3985
inf 0.203916 17.4069
inf 0.202672 17.4152
inf 0.201444 17.4236
inf 0.200234 17.4319
inf 0.19904 17.4403
inf 0.197866 17.4486
inf 0.196709 17.457
inf 0.195571 17.4654
inf 0.194453 17.4737
inf 0.193353 17.4821
inf 0.192274 17.4905
inf 0.191214 17.4989
inf 0.190176 17.5073
inf 0.189159 17.5157
inf 0.188163 17.5241
inf 0.187189 17.5326
inf 0.186238 17.541
inf 0.18531 17.5494
inf 0.184406 17.5578
inf 0.183525 17.5663
inf 0.182669 17.5747
inf 0.181839 17.5832
inf 0.181034 17.5917
inf 0.180255 17.6001
inf 0.179504 17.6086
inf 0.17878 17.6171
inf 0.178084 17.6255
inf 0.177417 17.634
inf 0.176779 17.6425
inf 0.176172 17.651
inf 0.175596 17.6595
inf 0.175052 17.668
inf 0.17454 17.6765
inf 0.174061 17.6851
inf 0.173616 17.6936
inf 0.173205 17.7021
inf 0.172831 17.7106
inf 0.172492 17.7191
inf 0.172192 17.7277
inf 0.171929 17.7362
inf 0.171705 17.7448
inf 0.171521 17.7533
inf 0.171378 17.7618
inf 0.171277 17.7704
inf 0.171218 17.7789
inf 0.171247 17.7875
inf 0.171334 17.796
inf 0.171469 17.8045
inf 0.171653 17.8131
inf 0.171886 17.8216
inf 0.17217 17.8302
inf 0.172505 17.8387
inf 0.172894 17.8472
inf 0.173336 17.8557
inf 0.173833 17.8642
inf 0.174386 17.8727
inf 0.174996 17.8812
inf 0.175664 17.8897
inf 0.176392 17.8982
inf 0.177181 17.9067
inf 0.178031 17.9151
inf 0.178944 17.9235
inf 0.179922 17.932
inf 0.180965 17.9404
inf 0.182074 17.9487
inf 0.183251 17.9571
inf 0.184498 17.9655
inf 0.185815 17.9738
inf 0.187204 17.9821
inf 0.188666 17.9904
inf 0.190204 17.9986
inf 0.191817 18.0068
inf 0.193509 18.015
inf 0.19528 18.0232
inf 0.197133 18.0313
inf 0.19907 18.0394
inf 0.201092 18.0475
inf 0.203201 18.0555
inf 0.2054 18.0635
inf 0.20769 18.0715
inf 0.210075 18.0794
inf 0.212557 18.0873
inf 0.215139 18.0951
inf 0.217822 18.1029
inf 0.220612 18.1107
inf 0.22351 18.1184
inf 0.22652 18.1261
inf 0.229646 18.1337
inf 0.232891 18.1413
inf 0.236259 18.1489
inf 0.239755 18.1564
inf 0.243383 18.1638
inf 0.247148 18.1712
inf 0.251055 18.1786
inf 0.255109 18.1859
inf 0.259317 18.1932
inf 0.263683 18.2005
inf 0.268215 18.2076
inf 0.27292 18.2148
inf 0.277804 18.2219
inf 0.282877 18.2289
inf 0.288146 18.236
inf 0.29362 18.2429
inf 0.29931 18.2499
inf 0.305226 18.2567
inf 0.311381 18.2636
inf 0.317785 18.2704
inf 0.324453 18.2772
inf 0.3314 18.2839
inf 0.338643 18.2906
inf 0.346199 18.2973
inf 0.354087 18.3039
inf 0.362331 18.3105
inf 0.370954 18.317
inf 0.379983 18.3236
inf 0.389449 18.3301
inf 0.399387 18.3366
inf 0.409835 18.343
inf 0.420838 18.3494
inf 0.432448 18.3559
inf 0.444723 18.3622
inf 0.457735 18.3686
inf 0.471566 18.375
inf 0.486313 18.3814
inf 0.502098 18.3877
inf 0.519067 18.3941
inf 0.537403 18.4005
inf 0.557342 18.4069
inf 0.579189 18.4133
inf 0.600281 18.4197
inf 0.610717 18.4261
inf 0.621139 18.4323
inf 0.631682 18.4384
inf 0.642342 18.4444
inf 0.653119 18.4502
inf 0.664005 18.456
inf 0.674997 18.4617
inf 0.68609 18.4673
inf 0.697279 18.4728
inf 0.708558 18.4781
inf 0.719921 18.4834
inf 0.731363 18.4887
inf 0.742875 18.4938
inf 0.754452 18.4988
inf 0.766085 18.5038
inf 0.777767 18.5086
inf 0.789489 18.5134
inf 0.801241 18.5181
inf 0.813017 18.5228
inf 0.824805 18.5273
inf 0.836594 18.5318
inf 0.848374 18.5362
inf 0.860134 18.5406
inf 0.871862 18.5449
inf 0.883545 18.5491
inf 0.895169 18.5532
inf 0.906724 18.5573
inf 0.918193 18.5613
inf 0.929562 18.5653
inf 0.940815 18.5692
inf 0.951937 18.573
inf 0.962912 18.5768
inf 0.973722 18.5806
inf 0.984349 18.5842
inf 0.994775 18.5879
inf 1.00498 18.5914
inf 1.01495 18.595
inf 1.02466 18.5984
inf 1.03408 18.6018
inf 1.04321 18.6052
inf 1.05201 18.6085
inf 1.06047 18.6118
inf 1.06855 18.6151
inf 1.07625 18.6183
inf 1.08352 18.6214
inf 1.09036 18.6245
inf 1.09673 18.6276
inf 1.10261 18.6306
inf 1.10797 18.6336
inf 1.11278 18.6365
inf 1.11703 18.6394
inf 1.12067 18.6423
inf 1.12369 18.6451
inf 1.12606 18.6479
inf 1.12775 18.6507
inf 1.12873 18.6534
inf 1.12898 18.6561
inf 1.12847 18.6587
inf 1.12716 18.6614
inf 1.12504 18.664
inf 1.12208 18.6665
inf 1.11825 18.669
inf 1.11353 18.6715
inf 1.10788 18.674
inf 1.1013 18.6765
inf 1.09375 18.6789
inf 1.08521 18.6813
inf 1.07567 18.6836
inf 1.0651 18.6859
inf 1.05349 18.6882
inf 1.04166 18.6905
inf 1.02923 18.6928
inf 1.01574 18.695
inf 1.00117 18.6972
inf 0.985523 18.6994
inf 0.968789 18.7015
inf 0.950967 18.7037
inf 0.932057 18.7058
inf 0.912064 18.7079
inf 0.890995 18.7099
inf 0.868865 18.712
inf 0.845691 18.714
inf 0.821494 18.716
inf 0.796302 18.718
inf 0.770149 18.72
inf 0.743077 18.7219
inf 0.715131 18.7238
inf 0.686366 18.7257
inf 0.656843 18.7276
inf 0.626633 18.7295
inf 0.595815 18.7313
inf 0.564478 18.7332
inf 0.532721 18.735
inf 0.500653 18.7368
inf 0.468395 18.7386
inf 0.43608 18.7403
inf 0.403854 18.7421
inf 0.371875 18.7438
inf 0.340317 18.7455
inf 0.309365 18.7472
inf 0.279223 18.7489
inf 0.250105 18.7506
inf 0.222243 18.7522
inf 0.195878 18.7538
inf 0.171262 18.7554
inf 0.14865 18.757
inf 0.128283 18.7586
inf 0.110362 18.7601
inf 0.0949751 18.7616
inf 0.0818836 18.763
inf 0.0696548 18.7643
inf 0.0592257 18.7655
inf 0.0658133 18.7667
inf 0.10324 18.7686
inf 0.121138 18.7704
inf 0.150352 18.7723
inf 0.18364 18.774
inf 0.228056 18.7757
inf 0.284566 18.7774
inf 0.353714 18.7791
inf 0.43645 18.7807
inf 0.533956 18.7823
inf 0.647584 18.7839
inf 0.778841 18.7855
inf 0.929394 18.787
inf 1.10108 18.7886
inf 1.29595 18.7902
inf 1.51624 18.7917
inf 1.76446 18.7933
inf 2.04343 18.7949
inf 2.35627 18.7964
inf 2.70653 18.798
inf 3.09827 18.7995
inf 3.5361 18.8011
inf 4.0254 18.8026
inf 4.57246 18.8042
inf 5.18474 18.8058
inf 5.87128 18.8074
inf 6.64314 18.809
inf 7.51429 18.8106
inf 8.50276 18.8122
inf 9.63269 18.8139
inf 10.9377 18.8155
inf 12.4676 18.8173
inf 14.3013 18.819
inf 16.0063 18.8208
inf 17.2145 18.8226
inf 18.4619 18.8242
inf 19.7617 18.8259
inf 21.1107 18.8275
inf 22.5063 18.829
inf 23.9463 18.8306
inf 25.4291 18.8321
inf 26.9533 18.8336
inf 28.5172 18.8351
inf 30.1197 18.8365
inf 31.7593 18.838
inf 33.4347 18.8394
inf 35.1448 18.8408
inf 36.8882 18.8422
inf 38.6638 18.8436
inf 40.4706 18.845
inf 42.3075 18.8463
inf 44.1739 18.8477
inf 45.975 18.849
inf 47.5673 18.8504
inf 49.1673 18.8517
inf 50.7749 18.853
inf 52.3873 18.8543
inf 54.0023 18.8556
inf 55.6176 18.8569
inf 57.2313 18.8582
inf 58.8413 18.8595
inf 60.4458 18.8608
inf 62.0433 18.862
inf 63.6321 18.8633
inf 65.211 18.8646
inf 66.7789 18.8659
inf 68.335 18.8671
inf 69.8787 18.8684
inf 71.4102 18.8697
inf 72.9297 18.871
inf 74.4385 18.8723
inf 75.9384 18.8736
inf 77.4323 18.875
inf 78.9246 18.8763
inf 80.4217 18.8777
inf 81.9321 18.879
inf 83.4679 18.8804
inf 85.0463 18.8818
inf 86.6918 18.8833
inf 88.6253 18.8848
inf 90.7343 18.8863
inf 89.2513 18.8878
inf 85.5119 18.8892
inf 82.3475 18.8906
inf 79.6073 18.892
inf 77.1561 18.8933
inf 74.9132 18.8946
inf 72.8278 18.896
inf 70.8666 18.8972
inf 69.0074 18.8985
inf 67.235 18.8998
inf 65.5391 18.9011
inf 63.9133 18.9023
inf 62.3543 18.9036
inf 60.861 18.9049
inf 59.4353 18.9061
inf 58.0815 18.9074
inf 56.8077 18.9087
inf 55.6265 18.91
inf 54.5573 18.9113
inf 53.6316 18.9126
inf 52.9005 18.914
inf 52.4555 18.9154
inf 52.477 18.9169
inf 53.3904 18.9184
inf 56.5858 18.9201
inf 56.5635 18.9219
inf 53.2268 18.9238
inf 41.9505 18.9253
inf 35.8421 18.9266
inf 31.9874 18.928
inf 29.0748 18.9292
inf 26.6981 18.9304
inf 24.681 18.9316
inf 22.9271 18.9327
inf 21.3762 18.9338
inf 19.9882 18.9349
inf 18.7344 18.936
inf 17.5936 18.9371
inf 16.5496 18.9381
inf 15.5897 18.9391
inf 14.7036 18.9401
inf 13.8829 18.9411
inf 13.1207 18.9421
inf 12.4111 18.9431
inf 11.749 18.9441
inf 11.1301 18.945
inf 10.5507 18.946
inf 10.0075 18.9469
inf 9.49749 18.9478
inf 9.01814 18.9488
inf 8.56714 18.9497
inf 8.14241 18.9506
inf 7.74207 18.9515
inf 7.36445 18.9524
inf 7.00799 18.9533
inf 6.67129 18.9542
inf 6.35307 18.9551
inf 6.05214 18.9559
inf 5.76742 18.9568
inf 5.49792 18.9577
inf 5.24271 18.9586
inf 5.00093 18.9594
inf 4.77179 18.9603
inf 4.55455 18.9611
inf 4.34853 18.962
inf 4.15308 18.9628
inf 3.96763 18.9637
inf 3.79159 18.9645
inf 3.62446 18.9653
inf 3.46575 18.9662
inf 3.315 18.967
inf 3.17178 18.9678
inf 3.03568 18.9686
inf 2.90633 18.9695
inf 2.78337 18.9703
inf 2.66647 18.9711
inf 2.55531 18.9719
inf 2.4496 18.9727
inf 2.34905 18.9735
inf 2.25339 18.9743
inf 2.16238 18.9751
inf 2.07578 18.976
inf 1.99338 18.9768
inf 1.91494 18.9776
inf 1.84029 18.9783
inf 1.76923 18.9791
inf 1.70157 18.9799
inf 1.63716 18.9807
inf 1.57582 18.9815
inf 1.51741 18.9823
inf 1.46179 18.9831
inf 1.40881 18.9839
inf 1.35836 18.9847
inf 1.31029 18.9854
inf 1.26451 18.9862
inf 1.22089 18.987
inf 1.17934 18.9878
inf 1.13974 18.9886
inf 1.10202 18.9893
inf 1.06607 18.9901
inf 1.03182 18.9909
inf 0.999179 18.9916
inf 0.96807 18.9924
inf 0.938421 18.9932
inf 0.910163 18.9939
inf 0.883229 18.9947
inf 0.857556 18.9955
inf 0.833084 18.9962
inf 0.809755 18.997
inf 0.787515 18.9978
inf 0.766314 18.9985
inf 0.7461 18.9993
inf 0.726827 19
inf 0.708451 19.0008
inf 0.69093 19.0016
inf 0.674222 19.0023
inf 0.658288 19.0031
inf 0.643094 19.0038
inf 0.628604 19.0046
inf 0.614783 19.0053
inf 0.601601 19.0061
inf 0.589027 19.0068
inf 0.577033 19.0076
inf 0.565591 19.0083
inf 0.554675 19.0091
inf 0.544259 19.0098
inf 0.534321 19.0106
inf 0.524838 19.0113
inf 0.515788 19.012
inf 0.50715 19.0128
inf 0.498906 19.0135
inf 0.491035 19.0143
inf 0.483521 19.015
inf 0.476346 19.0157
inf 0.469495 19.0165
inf 0.46295 19.0172
inf 0.4567 19.018
inf 0.450727 19.0187
inf 0.44502 19.0194
inf 0.439566 19.0202
inf 0.434352 19.0209
inf 0.429367 19.0216
inf 0.424599 19.0223
inf 0.420039 19.0231
inf 0.415674 19.0238
inf 0.411497 19.0245
inf 0.407498 19.0253
inf 0.403668 19.026
inf 0.399998 19.0267
inf 0.396481 19.0274
inf 0.393108 19.0282
inf 0.389873 19.0289
inf 0.386768 19.0296
inf 0.383786 19.0303
inf 0.380922 19.031
inf 0.378169 19.0318
inf 0.37552 19.0325
inf 0.372971 19.0332
inf 0.370516 19.0339
inf 0.36815 19.0346
inf 0.365868 19.0353
inf 0.363665 19.036
inf 0.361536 19.0367
inf 0.359477 19.0375
inf 0.357484 19.0382
inf 0.355554 19.0389
inf 0.353681 19.0396
inf 0.351862 19.0403
inf 0.350095 19.041
inf 0.348374 19.0417
inf 0.346698 19.0424
inf 0.345062 19.0431
inf 0.343463 19.0438
inf 0.3419 19.0445
inf 0.340368 19.0452
inf 0.338865 19.0459
inf 0.337388 19.0466
inf 0.335935 19.0472
inf 0.334502 19.0479
inf 0.333088 19.0486
inf 0.33169 19.0493
inf 0.330306 19.05
inf 0.328933 19.0507
inf 0.327568 19.0514
inf 0.326211 19.052
inf 0.324858 19.0527
inf 0.323507 19.0534
inf 0.322156 19.0541
inf 0.320804 19.0547
inf 0.319446 19.0554
inf 0.318083 19.0561
inf 0.316711 19.0567
inf 0.315328 19.0574
inf 0.313932 19.058
inf 0.312521 19.0587
inf 0.311093 19.0594
inf 0.309645 19.06
inf 0.308175 19.0607
inf 0.306681 19.0613
inf 0.30516 19.062
inf 0.303609 19.0626
inf 0.302026 19.0632
inf 0.300408 19.0639
inf 0.298753 19.0645
inf 0.297057 19.0651
inf 0.295317 19.0658
inf 0.29353 19.0664
inf 0.291693 19.067
inf 0.2898 19.0676
inf 0.287849 19.0682
inf 0.285834 19.0688
inf 0.283753 19.0694
inf 0.281597 19.07
inf 0.279364 19.0706
inf 0.277046 19.0712
inf 0.274636 19.0718
inf 0.272127 19.0724
inf 0.269512 19.0729
inf 0.266779 19.0735
inf 0.26392 19.0741
inf 0.260921 19.0746
inf 0.25777 19.0752
inf 0.25445 19.0757
inf 0.250942 19.0762
inf 0.247226 19.0768
inf 0.243276 19.0773
inf 0.239059 19.0778
inf 0.234539 19.0783
inf 0.229666 19.0788
inf 0.224381 19.0793
inf 0.218605 19.0797
inf 0.212229 19.0802
inf 0.205107 19.0806
inf 0.19702 19.081
inf 0.187625 19.0814
inf 0.176335 19.0818
inf 0.161976 19.0822
inf 0.141482 19.0825
inf 0.118997 19.0827
inf 0.069245 19.0829
