6.26447e-12 0.00216684 0.00285605
8.01703e-12 0.00246046 0.00609863
1.0173e-11 0.00268145 0.00963147
1.25718e-11 0.00286224 0.0134009
1.51342e-11 0.00301731 0.0173722
1.78152e-11 0.00315461 0.0215211
2.05871e-11 0.00327902 0.0258295
2.3432e-11 0.00339375 0.0302835
2.63375e-11 0.00350102 0.0348723
2.92949e-11 0.00360247 0.0395868
3.22977e-11 0.00369935 0.0444199
3.53414e-11 0.00379258 0.0493654
3.84222e-11 0.00388293 0.0544181
4.15375e-11 0.00397099 0.0595739
4.46851e-11 0.00405725 0.0648289
4.78634e-11 0.00414212 0.0701801
5.10713e-11 0.00422592 0.0756247
5.43077e-11 0.00430894 0.0811604
5.7572e-11 0.0043914 0.0867852
6.08637e-11 0.00447353 0.0924974
6.41824e-11 0.00455547 0.0982957
6.75281e-11 0.00463737 0.104179
7.09005e-11 0.00471937 0.110146
7.42999e-11 0.00480155 0.116196
7.77262e-11 0.00488403 0.122328
8.11796e-11 0.00496688 0.128542
8.46606e-11 0.00505017 0.134838
8.81694e-11 0.00513397 0.141215
9.17064e-11 0.00521833 0.147673
9.52721e-11 0.00530329 0.154213
9.88669e-11 0.00538891 0.160835
1.02491e-10 0.00547522 0.167538
1.06146e-10 0.00556227 0.174323
1.09832e-10 0.00565008 0.18119
1.1355e-10 0.00573871 0.188141
1.173e-10 0.00582816 0.195176
1.21083e-10 0.00591849 0.202295
1.249e-10 0.00600971 0.2095
1.28752e-10 0.00610187 0.216791
1.32639e-10 0.00619498 0.224169
1.36563e-10 0.00628911 0.231636
1.40525e-10 0.00638426 0.239193
1.44525e-10 0.00648048 0.24684
1.48564e-10 0.00657782 0.25458
1.52645e-10 0.0066763 0.262414
1.56767e-10 0.00677598 0.270343
1.60932e-10 0.00687689 0.278369
1.65141e-10 0.0069791 0.286495
1.69395e-10 0.00708265 0.294721
1.73696e-10 0.00718759 0.30305
1.78046e-10 0.00729401 0.311484
1.82445e-10 0.00740195 0.320026
1.86894e-10 0.0075115 0.328678
1.91396e-10 0.00762272 0.337441
1.95953e-10 0.0077357 0.34632
2.00565e-10 0.00785055 0.355317
2.05234e-10 0.00796734 0.364434
2.09963e-10 0.00808621 0.373676
2.14753e-10 0.00820726 0.383045
2.19607e-10 0.00833062 0.392545
2.24525e-10 0.00845643 0.402181
2.29511e-10 0.00858486 0.411955
2.34567e-10 0.00871608 0.421873
2.39695e-10 0.00885027 0.431939
2.44898e-10 0.00898763 0.442158
2.50178e-10 0.00912842 0.452535
2.55538e-10 0.00927289 0.463076
2.60982e-10 0.00942254 0.473787
2.66513e-10 0.00957675 0.484675
2.72134e-10 0.0097357 0.495747
2.77849e-10 0.00989981 0.507011
2.83662e-10 0.0100696 0.518474
2.89577e-10 0.0102455 0.530146
2.95598e-10 0.0104283 0.542038
3.01731e-10 0.0106186 0.55416
3.0798e-10 0.0108174 0.566524
3.14352e-10 0.0110256 0.579144
3.20853e-10 0.0112445 0.592035
3.2749e-10 0.0114756 0.605215
3.3427e-10 0.0117206 0.618703
3.41203e-10 0.0119818 0.632522
3.48297e-10 0.0122619 0.646697
3.55564e-10 0.0125645 0.66126
3.63017e-10 0.0128943 0.676247
3.70671e-10 0.0132574 0.691703
3.78543e-10 0.0136625 0.707683
3.86655e-10 0.0141221 0.724261
3.95034e-10 0.0146547 0.741529
4.03717e-10 0.0152902 0.759621
4.12751e-10 0.0160809 0.778735
4.22214e-10 0.0171302 0.799195
4.32243e-10 0.0186881 0.821636
4.43228e-10 0.0216621 0.847804
4.60324e-10 0.0373964 0.893285
4.73311e-10 0.0211792 0.919255
4.87994e-10 0.0188019 0.942503
5.01046e-10 0.0175715 0.96442
5.13439e-10 0.0168547 0.985612
5.25566e-10 0.0163591 1.00634
5.37575e-10 0.0159846 1.02675
5.49539e-10 0.0156866 1.04694
5.61501e-10 0.015441 1.06696
5.73493e-10 0.015233 1.08687
5.85534e-10 0.0150533 1.1067
5.9764e-10 0.0148951 1.12648
6.09823e-10 0.0147539 1.14623
6.22092e-10 0.0146262 1.16597
6.34455e-10 0.0145097 1.18572
6.46917e-10 0.0144024 1.20549
6.59484e-10 0.0143029 1.22529
6.7216e-10 0.0142105 1.24515
6.84949e-10 0.0141244 1.26506
6.97854e-10 0.0140445 1.28505
7.1088e-10 0.0139709 1.30512
7.24029e-10 0.0139041 1.3253
7.37306e-10 0.0138449 1.34559
7.50715e-10 0.0137946 1.36601
7.64263e-10 0.0137553 1.3866
7.77958e-10 0.0137298 1.40738
7.91825e-10 0.013676 1.42832
8.05918e-10 0.0134129 1.4491
8.19986e-10 0.0131477 1.46973
8.3402e-10 0.0128842 1.49021
8.48013e-10 0.0126224 1.51053
8.61958e-10 0.0123624 1.53071
8.75849e-10 0.0121044 1.55075
8.89677e-10 0.0118485 1.57066
9.03438e-10 0.0115951 1.59044
9.17226e-10 0.0114569 1.61009
9.31135e-10 0.0114242 1.62964
9.4516e-10 0.0113898 1.64909
9.593e-10 0.0113553 1.66846
9.73554e-10 0.011322 1.68776
9.87926e-10 0.0112992 1.70703
1.00242e-09 0.0112872 1.72628
1.01705e-09 0.0112869 1.74557
1.03191e-09 0.0111184 1.76462
1.0469e-09 0.0107084 1.78304
1.06159e-09 0.0103411 1.80092
1.076e-09 0.0100082 1.81833
1.09018e-09 0.009701 1.83533
1.10414e-09 0.00941335 1.85197
1.1179e-09 0.00914081 1.86829
1.13145e-09 0.00888005 1.88431
1.14481e-09 0.0086285 1.90008
1.15798e-09 0.0083841 1.91562
1.17096e-09 0.00814518 1.93094
1.18374e-09 0.00791038 1.94609
1.19632e-09 0.00767852 1.96106
1.20871e-09 0.00744863 1.97589
1.22089e-09 0.00721986 1.9906
1.23299e-09 0.00688382 2.00497
1.24505e-09 0.00638486 2.01867
1.25655e-09 0.00592993 2.03178
1.26753e-09 0.00551634 2.04435
1.27805e-09 0.00513568 2.05644
1.28813e-09 0.00478212 2.06808
1.29781e-09 0.00445149 2.07931
1.30712e-09 0.00414081 2.09014
1.31607e-09 0.00384791 2.10059
1.32469e-09 0.00357114 2.11067
1.33301e-09 0.00330932 2.1204
1.34105e-09 0.00306153 2.12977
1.34883e-09 0.00282704 2.13878
1.35638e-09 0.00260514 2.14742
1.36374e-09 0.00239493 2.15569
1.37095e-09 0.00219492 2.16355
1.37809e-09 0.0020023 2.17096
1.38528e-09 0.00181127 2.17785
1.39281e-09 0.00160889 2.18412
1.40176e-09 0.00135845 2.18949
1.40369e-09 0.00116495 2.19414
1.41001e-09 0.00107669 2.19844
1.41295e-09 0.00136606 2.20389
1.41691e-09 0.00156008 2.21005
1.42152e-09 0.00172201 2.21676
1.42658e-09 0.00187633 2.22389
1.43204e-09 0.00203559 2.2314
1.43786e-09 0.00220706 2.23922
1.44404e-09 0.00239526 2.24734
1.45058e-09 0.00260331 2.25573
1.4575e-09 0.00283371 2.26438
1.46483e-09 0.00308903 2.2733
1.47261e-09 0.00337245 2.28248
1.48088e-09 0.00368833 2.29194
1.48968e-09 0.00404306 2.30169
1.49908e-09 0.00444637 2.31179
1.50917e-09 0.00491408 2.32228
1.52006e-09 0.00547398 2.33326
1.53193e-09 0.0061814 2.34491
1.54537e-09 0.00655514 2.3565
1.55961e-09 0.00680307 2.36782
1.5743e-09 0.00704824 2.37888
1.58944e-09 0.00729272 2.38974
1.60505e-09 0.0075362 2.4004
1.62114e-09 0.00777846 2.41088
1.63772e-09 0.00801943 2.42121
1.65481e-09 0.00825908 2.4314
1.67242e-09 0.00849744 2.44147
1.69056e-09 0.00872786 2.45141
1.70927e-09 0.00883725 2.46111
1.72829e-09 0.00895628 2.47061
1.74766e-09 0.0090839 2.47993
1.7674e-09 0.00921724 2.4891
1.78753e-09 0.00935436 2.49814
1.80807e-09 0.00949395 2.50707
1.82905e-09 0.00963504 2.5159
1.85047e-09 0.00977696 2.52463
1.87234e-09 0.00991919 2.53329
1.89469e-09 0.0100613 2.54187
1.91752e-09 0.0102031 2.5504
1.94084e-09 0.0103443 2.55887
1.96466e-09 0.0104847 2.56729
1.989e-09 0.0106242 2.57568
2.01387e-09 0.0107628 2.58403
2.03927e-09 0.0109003 2.59235
2.06527e-09 0.011062 2.60066
2.09202e-09 0.0112897 2.60895
2.11955e-09 0.0115176 2.61723
2.14788e-09 0.0117459 2.6255
2.17703e-09 0.0119749 2.63378
2.20702e-09 0.0122049 2.64207
2.23789e-09 0.0124362 2.65037
2.26966e-09 0.0126692 2.6587
2.30236e-09 0.0129043 2.66705
2.33603e-09 0.0131422 2.67543
2.3707e-09 0.0133834 2.68386
2.40641e-09 0.0136286 2.69233
2.44321e-09 0.0138788 2.70086
2.48114e-09 0.014135 2.70946
2.52026e-09 0.0143985 2.71814
2.56063e-09 0.0146709 2.7269
2.6023e-09 0.0149542 2.73576
2.64537e-09 0.0152507 2.74473
2.68992e-09 0.0155638 2.75383
2.73604e-09 0.0158976 2.76308
2.78388e-09 0.0162576 2.7725
2.83357e-09 0.0166513 2.78212
2.88532e-09 0.0170896 2.79197
2.93819e-09 0.0170116 2.80177
2.99106e-09 0.0165885 2.81133
3.04367e-09 0.0162404 2.82068
3.09615e-09 0.0159395 2.82988
3.14858e-09 0.0156739 2.83894
3.20104e-09 0.0154359 2.8479
3.25358e-09 0.0152204 2.85676
3.30624e-09 0.0150237 2.86556
3.35906e-09 0.0148434 2.8743
3.41209e-09 0.0146778 2.88299
3.46534e-09 0.0145259 2.89166
3.51886e-09 0.0143873 2.90032
3.57268e-09 0.0142619 2.90898
3.62685e-09 0.0141503 2.91765
3.6814e-09 0.0140536 2.92634
3.7364e-09 0.0139735 2.93509
3.7919e-09 0.0139127 2.9439
3.84801e-09 0.0138751 2.95279
3.90481e-09 0.0138665 2.96179
3.96248e-09 0.0138959 2.97094
4.02121e-09 0.0139773 2.98028
4.08132e-09 0.0141347 2.98988
4.1433e-09 0.0144123 2.99982
4.20806e-09 0.0149057 3.01029
4.27621e-09 0.0154897 3.02138
4.3452e-09 0.0152754 3.03254
4.41431e-09 0.0150725 3.04381
4.48325e-09 0.0147784 3.05512
4.54702e-09 0.0128265 3.06518
4.60485e-09 0.0116013 3.0745
4.65893e-09 0.0107622 3.08336
4.71031e-09 0.0101126 3.09185
4.75951e-09 0.00957662 3.10007
4.8069e-09 0.00911792 3.10804
4.85271e-09 0.00871573 3.11582
4.89711e-09 0.00835704 3.12342
4.94025e-09 0.00803306 3.13085
4.98223e-09 0.00773758 3.13815
5.02316e-09 0.00746602 3.14531
5.0631e-09 0.00721491 3.15236
5.10212e-09 0.00698154 3.15929
5.14028e-09 0.00676374 3.16612
5.17763e-09 0.00655975 3.17285
5.21423e-09 0.00636812 3.17948
5.2501e-09 0.00618765 3.18603
5.28528e-09 0.00601728 3.19248
5.31982e-09 0.00585614 3.19886
5.35374e-09 0.00570343 3.20516
5.38707e-09 0.00555846 3.21138
5.41983e-09 0.00542062 3.21752
5.45206e-09 0.00528934 3.22359
5.48377e-09 0.00516411 3.22959
5.51498e-09 0.00504442 3.23551
5.54572e-09 0.00492984 3.24136
5.57601e-09 0.00481991 3.24714
5.60584e-09 0.00471421 3.25284
5.63525e-09 0.0046123 3.25847
5.66425e-09 0.00451377 3.26403
5.69283e-09 0.00441819 3.26952
5.72102e-09 0.0043251 3.27493
5.74882e-09 0.00423406 3.28026
5.77623e-09 0.00414457 3.28551
5.80326e-09 0.00405611 3.29067
5.82989e-09 0.00396811 3.29575
5.85614e-09 0.00387995 3.30075
5.88199e-09 0.00379092 3.30564
5.90742e-09 0.0037002 3.31044
5.93243e-09 0.00360685 3.31513
5.95699e-09 0.00350972 3.31971
5.98108e-09 0.00340737 3.32417
6.00466e-09 0.00329794 3.32849
6.02768e-09 0.00317895 3.33266
6.0501e-09 0.00304681 3.33666
6.07185e-09 0.00289604 3.34047
6.09286e-09 0.0027173 3.34405
6.11309e-09 0.00249214 3.34733
6.13289e-09 0.00217232 3.3502
6.14517e-09 0.00182778 3.35261
6.1602e-09 0.00171774 3.35487
6.17461e-09 0.0021721 3.35773
6.19159e-09 0.00246356 3.36098
6.21036e-09 0.00268392 3.36452
6.23055e-09 0.00286431 3.36829
6.25192e-09 0.00301912 3.37226
6.27431e-09 0.00315624 3.37641
6.29764e-09 0.00328051 3.38072
6.32184e-09 0.00339512 3.38518
6.34684e-09 0.00350231 3.38977
6.37262e-09 0.00360371 3.39448
6.39914e-09 0.00370053 3.39932
6.42638e-09 0.00379372 3.40427
6.45433e-09 0.00388404 3.40932
6.48298e-09 0.00397208 3.41448
6.51233e-09 0.00405832 3.41973
6.54236e-09 0.00414317 3.42509
6.57308e-09 0.00422696 3.43053
6.60448e-09 0.00430997 3.43607
6.63658e-09 0.00439243 3.44169
6.66938e-09 0.00447455 3.44741
6.70288e-09 0.00455648 3.45321
6.73709e-09 0.00463839 3.45909
6.77202e-09 0.00472039 3.46506
6.80768e-09 0.00480258 3.47111
6.84408e-09 0.00488506 3.47724
6.88123e-09 0.00496792 3.48346
6.91914e-09 0.00505122 3.48976
6.95784e-09 0.00513502 3.49613
6.99733e-09 0.00521938 3.50259
7.03762e-09 0.00530435 3.50913
7.07873e-09 0.00538998 3.51576
7.12069e-09 0.00547631 3.52246
7.1635e-09 0.00556336 3.52925
7.20718e-09 0.00565119 3.53611
7.25175e-09 0.00573982 3.54307
7.29723e-09 0.00582928 3.5501
7.34364e-09 0.00591962 3.55722
7.391e-09 0.00601085 3.56443
7.43934e-09 0.00610302 3.57172
7.48866e-09 0.00619616 3.5791
7.539e-09 0.00629028 3.58657
7.59039e-09 0.00638545 3.59413
7.64283e-09 0.00648169 3.60177
7.69636e-09 0.00657904 3.60952
7.75101e-09 0.00667753 3.61735
7.80681e-09 0.00677723 3.62528
7.86377e-09 0.00687816 3.63331
7.92194e-09 0.00698038 3.64143
7.98134e-09 0.00708395 3.64966
8.042e-09 0.00718892 3.65799
8.10396e-09 0.00729535 3.66643
8.16726e-09 0.00740331 3.67497
8.23192e-09 0.00751287 3.68362
8.29799e-09 0.00762412 3.69239
8.36552e-09 0.00773713 3.70127
8.43453e-09 0.00785199 3.71027
8.50507e-09 0.00796882 3.71939
8.5772e-09 0.00808771 3.72863
8.65096e-09 0.00820878 3.738
8.7264e-09 0.00833217 3.7475
8.80357e-09 0.00845802 3.75714
8.88254e-09 0.00858648 3.76692
8.96336e-09 0.00871773 3.77684
9.0461e-09 0.00885195 3.7869
9.13082e-09 0.00898936 3.79712
9.21761e-09 0.0091302 3.8075
9.30652e-09 0.00927472 3.81805
9.39767e-09 0.00942443 3.82876
9.49114e-09 0.0095787 3.83965
9.58703e-09 0.00973771 3.85072
9.68544e-09 0.00990189 3.86199
9.78648e-09 0.0100717 3.87346
9.89028e-09 0.0102477 3.88513
9.99697e-09 0.0104306 3.89703
1.01067e-08 0.010621 3.90915
1.02196e-08 0.0108199 3.92152
1.03359e-08 0.0110283 3.93414
1.04557e-08 0.0112474 3.94704
1.05794e-08 0.0114786 3.96022
1.07071e-08 0.0117238 3.97371
1.08391e-08 0.0119852 3.98753
1.09757e-08 0.0122655 4.00171
1.11174e-08 0.0125684 4.01628
1.12646e-08 0.0128986 4.03127
1.14178e-08 0.0132622 4.04674
1.15777e-08 0.0136679 4.06272
1.17451e-08 0.0141282 4.07931
1.19213e-08 0.0146619 4.09659
1.21076e-08 0.015299 4.11469
1.23065e-08 0.0160921 4.13382
1.25217e-08 0.0171456 4.1543
1.27603e-08 0.018713 4.17677
1.3042e-08 0.0217206 4.20301
1.35208e-08 0.036036 4.24684
1.38126e-08 0.0211272 4.27275
1.40802e-08 0.0187815 4.29598
1.4334e-08 0.0175615 4.31788
1.45814e-08 0.0168483 4.33907
1.48255e-08 0.0163544 4.35979
1.50679e-08 0.0159809 4.3802
1.53095e-08 0.0156836 4.40039
1.55511e-08 0.0154385 4.42041
1.57932e-08 0.0152309 4.44032
1.6036e-08 0.0150514 4.46014
1.628e-08 0.0148934 4.47992
1.65252e-08 0.0147524 4.49967
1.67719e-08 0.0146249 4.51941
1.70203e-08 0.0145085 4.53916
1.72705e-08 0.0144012 4.55893
1.75225e-08 0.0143019 4.57874
1.77765e-08 0.0142095 4.59859
1.80326e-08 0.0141235 4.61851
1.82908e-08 0.0140437 4.6385
1.85513e-08 0.0139701 4.65857
1.88143e-08 0.0139034 4.67875
1.90797e-08 0.0138442 4.69904
1.93479e-08 0.0137941 4.71947
1.9619e-08 0.0137549 4.74006
1.98934e-08 0.0137296 4.76084
2.01704e-08 0.0136731 4.78178
2.04461e-08 0.01341 4.80256
2.07201e-08 0.0131448 4.82318
2.09921e-08 0.0128813 4.84366
2.12621e-08 0.0126196 4.86398
2.15299e-08 0.0123596 4.88416
2.17954e-08 0.0121015 4.9042
2.20585e-08 0.0118457 4.9241
2.23191e-08 0.0115923 4.94388
2.25796e-08 0.0114566 4.96353
2.28424e-08 0.0114238 4.98308
2.31074e-08 0.0113895 5.00253
2.33747e-08 0.0113549 5.02189
2.36441e-08 0.0113217 5.0412
2.39161e-08 0.011299 5.06047
2.41909e-08 0.0112872 5.07972
2.44687e-08 0.011287 5.09901
2.47457e-08 0.0111136 5.11805
2.50159e-08 0.0107041 5.13647
2.52796e-08 0.0103373 5.15434
2.55375e-08 0.0100047 5.17174
2.57901e-08 0.00969775 5.18874
2.60376e-08 0.00941028 5.20538
2.62802e-08 0.00913789 5.22169
2.65181e-08 0.00887724 5.23771
2.67514e-08 0.00862578 5.25348
2.69801e-08 0.00838145 5.26901
2.72042e-08 0.00814258 5.28434
2.74236e-08 0.00790781 5.29948
2.76384e-08 0.00767598 5.31445
2.78484e-08 0.00744611 5.32928
2.80535e-08 0.00721735 5.34398
2.82508e-08 0.00687809 5.35835
2.84358e-08 0.00637963 5.37205
2.86089e-08 0.00592521 5.38514
2.87711e-08 0.00551202 5.39771
2.89231e-08 0.00513169 5.4098
2.90656e-08 0.00477839 5.42143
2.91991e-08 0.00444799 5.43265
2.9324e-08 0.00413752 5.44348
2.94409e-08 0.0038448 5.45392
2.95501e-08 0.00356821 5.46401
2.96519e-08 0.00330654 5.47373
2.97467e-08 0.0030589 5.48309
2.98348e-08 0.00282455 5.4921
2.99166e-08 0.00260278 5.50074
2.99923e-08 0.00239269 5.509
3.00624e-08 0.00219279 5.51685
3.0127e-08 0.00200022 5.52426
3.01862e-08 0.00180915 5.53115
3.02401e-08 0.00160652 5.53741
3.02882e-08 0.0013551 5.54277
3.03239e-08 0.00117061 5.54744
3.03614e-08 0.00107148 5.55172
3.04039e-08 0.00136302 5.55715
3.0453e-08 0.00155776 5.56331
3.05076e-08 0.00171991 5.57001
3.05672e-08 0.00187424 5.57714
3.0632e-08 0.00203338 5.58464
3.07022e-08 0.00220464 5.59246
3.07785e-08 0.00239261 5.60057
3.08614e-08 0.00260037 5.60896
3.09517e-08 0.00283045 5.61761
3.10502e-08 0.00308542 5.62652
3.11578e-08 0.00336843 5.6357
3.12756e-08 0.00368384 5.64515
3.14049e-08 0.00403799 5.6549
3.15475e-08 0.00444056 5.66499
3.17054e-08 0.00490726 5.67548
3.18817e-08 0.00546563 5.68646
3.20815e-08 0.00617046 5.69809
3.22957e-08 0.00655157 5.70969
3.25198e-08 0.00679967 5.72101
3.27533e-08 0.00704484 5.73208
3.29966e-08 0.00728934 5.74293
3.32497e-08 0.00753283 5.75359
3.35128e-08 0.00777512 5.76408
3.3786e-08 0.0080161 5.77441
3.40696e-08 0.00825576 5.78461
3.43637e-08 0.00849414 5.79467
3.46684e-08 0.00872647 5.80462
3.49798e-08 0.00883568 5.81432
3.5298e-08 0.00895458 5.82382
3.56237e-08 0.0090821 5.83315
3.5957e-08 0.00921537 5.84232
3.62984e-08 0.00935245 5.85137
3.66481e-08 0.00949201 5.86029
3.70063e-08 0.0096331 5.86912
3.73733e-08 0.009775 5.87786
3.77492e-08 0.00991723 5.88651
3.81342e-08 0.0100594 5.8951
3.85286e-08 0.0102012 5.90363
3.89326e-08 0.0103424 5.9121
3.93462e-08 0.0104828 5.92052
3.97697e-08 0.0106223 5.92891
4.02033e-08 0.0107609 5.93726
4.06472e-08 0.0108984 5.94559
4.11025e-08 0.0110589 5.95389
4.15724e-08 0.0112866 5.96218
4.20571e-08 0.0115145 5.97046
4.25572e-08 0.0117428 5.97874
4.3073e-08 0.0119718 5.98702
4.36051e-08 0.0122017 5.9953
4.41538e-08 0.012433 6.00361
4.47199e-08 0.012666 6.01193
4.53038e-08 0.0129011 6.02028
4.59062e-08 0.0131389 6.02866
4.65277e-08 0.01338 6.03709
4.71692e-08 0.0136252 6.04556
4.78314e-08 0.0138753 6.05409
4.85153e-08 0.0141314 6.06269
4.92218e-08 0.0143948 6.07136
4.99522e-08 0.0146671 6.08012
5.07077e-08 0.0149502 6.08898
5.14898e-08 0.0152466 6.09795
5.23003e-08 0.0155594 6.10705
5.31412e-08 0.0158929 6.1163
5.40149e-08 0.0162524 6.12572
5.49245e-08 0.0166456 6.13533
5.58737e-08 0.0170832 6.14518
5.68361e-08 0.0170179 6.15498
5.77908e-08 0.0165937 6.16454
5.87409e-08 0.0162449 6.1739
5.96885e-08 0.0159434 6.1831
6.06352e-08 0.0156773 6.19216
6.1582e-08 0.015439 6.20112
6.25301e-08 0.0152232 6.20999
6.34802e-08 0.0150263 6.21878
6.44331e-08 0.0148458 6.22752
6.53893e-08 0.01468 6.23622
6.63495e-08 0.014528 6.24489
6.73144e-08 0.0143891 6.25355
6.82847e-08 0.0142636 6.2622
6.92612e-08 0.0141518 6.27087
7.02448e-08 0.0140548 6.27957
7.12365e-08 0.0139745 6.28831
7.22377e-08 0.0139134 6.29712
7.32501e-08 0.0138754 6.30601
7.4276e-08 0.0138664 6.31501
7.53183e-08 0.0138952 6.32416
7.63813e-08 0.0139758 6.3335
7.74712e-08 0.0141318 6.34309
7.85982e-08 0.0144073 6.35303
7.97804e-08 0.0148966 6.36349
8.10285e-08 0.0154928 6.37457
8.22791e-08 0.0152784 6.38574
8.3532e-08 0.0150751 6.397
8.47818e-08 0.0148139 6.40833
8.58839e-08 0.012846 6.4184
8.68919e-08 0.0116133 6.42774
8.78371e-08 0.010771 6.4366
8.87345e-08 0.0101197 6.4451
8.95928e-08 0.00958264 6.45331
9.04177e-08 0.00912314 6.46129
9.12134e-08 0.00872035 6.46907
9.19829e-08 0.00836119 6.47667
9.27288e-08 0.00803682 6.48411
9.3453e-08 0.00774103 6.49141
9.41572e-08 0.00746921 6.49857
9.48428e-08 0.00721787 6.50562
9.55111e-08 0.0069843 6.51255
9.61631e-08 0.00676631 6.51938
9.67997e-08 0.00656216 6.52611
9.74219e-08 0.00637039 6.53275
9.80303e-08 0.00618979 6.53929
9.86256e-08 0.0060193 6.54575
9.92086e-08 0.00585805 6.55213
9.97797e-08 0.00570524 6.55843
1.0034e-07 0.00556018 6.56465
1.00889e-07 0.00542227 6.57079
1.01427e-07 0.00529091 6.57686
1.01956e-07 0.0051656 6.58286
1.02475e-07 0.00504585 6.58878
1.02985e-07 0.00493121 6.59463
1.03486e-07 0.00482122 6.60041
1.03979e-07 0.00471547 6.60612
1.04463e-07 0.00461352 6.61175
1.0494e-07 0.00451496 6.61731
1.05408e-07 0.00441934 6.6228
1.05868e-07 0.00432623 6.62821
1.06321e-07 0.00423516 6.63354
1.06767e-07 0.00414565 6.63879
1.07204e-07 0.00405719 6.64396
1.07634e-07 0.00396919 6.64904
1.08056e-07 0.00388103 6.65403
1.0847e-07 0.00379201 6.65893
1.08876e-07 0.00370132 6.66373
1.09273e-07 0.00360801 6.66842
1.09661e-07 0.00351093 6.673
1.1004e-07 0.00340865 6.67746
1.10407e-07 0.00329933 6.68178
1.10763e-07 0.00318047 6.68595
1.11105e-07 0.00304852 6.68996
1.11432e-07 0.00289802 6.69377
1.11739e-07 0.0027197 6.69735
1.12024e-07 0.0024953 6.70064
1.12274e-07 0.00217726 6.70351
1.12481e-07 0.00183084 6.70592
1.12481e-07 0.00106398 6.70733
