0 0 0
0.0204082 0 0
0.0408163 0 0
0.0612245 0 0
0.0816327 0 0
0.102041 0 0
0.122449 0 0
0.142857 0 0
0.163265 0 0
0.183673 0 0
0.204082 0 0
0.22449 0 0
0.244898 0 0
0.265306 0 0
0.285714 0 0
0.306122 0 0
0.326531 0 0
0.346939 0 0
0.367347 0 0
0.387755 0 0
0.408163 0 0
0.428571 0 0
0.44898 0 0
0.469388 0 0
0.489796 0 0
0.510204 0 0
0.530612 0 0
0.55102 0 0
0.571429 0 0
0.591837 0 0
0.612245 0 0
0.632653 0 0
0.653061 0 0
0.673469 0 0
0.693878 0 0
0.714286 0 0
0.734694 0 0
0.755102 0 0
0.77551 0 0
0.795918 0 0
0.816327 0 0
0.836735 0 0
0.857143 0 0
0.877551 0 0
0.897959 0 0
0.918367 0 0
0.938776 0 0
0.959184 0 0
0.979592 0 0
1 0 0
0 0.0408163 0
0.0204082 0.0408163 0
0.0408163 0.0408163 0
0.0612245 0.0408163 0
0.0816327 0.0408163 0
0.102041 0.0408163 0
0.122449 0.0408163 0
0.142857 0.0408163 0
0.163265 0.0408163 0
0.183673 0.0408163 0
0.204082 0.0408163 0
0.22449 0.0408163 0
0.244898 0.0408163 0
0.265306 0.0408163 0
0.285714 0.0408163 0
0.306122 0.0408163 0
0.326531 0.0408163 0
0.346939 0.0408163 0
0.367347 0.0408163 0
0.387755 0.0408163 0
0.408163 0.0408163 0
0.428571 0.0408163 0
0.44898 0.0408163 0
0.469388 0.0408163 0
0.489796 0.0408163 0
0.510204 0.0408163 0
0.530612 0.0408163 0
0.55102 0.0408163 0
0.571429 0.0408163 0
0.591837 0.0408163 0
0.612245 0.0408163 0
0.632653 0.0408163 0
0.653061 0.0408163 0
0.673469 0.0408163 0
0.693878 0.0408163 0
0.714286 0.0408163 0
0.734694 0.0408163 0
0.755102 0.0408163 0
0.77551 0.0408163 0
0.795918 0.0408163 0
0.816327 0.0408163 0
0.836735 0.0408163 0
0.857143 0.0408163 0
0.877551 0.0408163 0
0.897959 0.0408163 0
0.918367 0.0408163 0
0.938776 0.0408163 0
0.959184 0.0408163 0
0.979592 0.0408163 0
1 0.0408163 0
0 0.0816327 0
0.0204082 0.0816327 0
0.0408163 0.0816327 0
0.0612245 0.0816327 0
0.0816327 0.0816327 0
0.102041 0.0816327 0
0.122449 0.0816327 0
0.142857 0.0816327 0
0.163265 0.0816327 0
0.183673 0.0816327 0
0.204082 0.0816327 0
0.22449 0.0816327 0
0.244898 0.0816327 0
0.265306 0.0816327 0
0.285714 0.0816327 0
0.306122 0.0816327 0
0.326531 0.0816327 0
0.346939 0.0816327 0
0.367347 0.0816327 0
0.387755 0.0816327 0
0.408163 0.0816327 0
0.428571 0.0816327 0
0.44898 0.0816327 0
0.469388 0.0816327 0
0.489796 0.0816327 0
0.510204 0.0816327 0
0.530612 0.0816327 0
0.55102 0.0816327 0
0.571429 0.0816327 0
0.591837 0.0816327 0
0.612245 0.0816327 0
0.632653 0.0816327 0
0.653061 0.0816327 0
0.673469 0.0816327 0
0.693878 0.0816327 0
0.714286 0.0816327 0
0.734694 0.0816327 0
0.755102 0.0816327 0
0.77551 0.0816327 0
0.795918 0.0816327 0
0.816327 0.0816327 0
0.836735 0.0816327 0
0.857143 0.0816327 0
0.877551 0.0816327 0
0.897959 0.0816327 0
0.918367 0.0816327 0
0.938776 0.0816327 0
0.959184 0.0816327 0
0.979592 0.0816327 0
1 0.0816327 0
0 0.122449 0.00332825
0.0204082 0.122449 0
0.0408163 0.122449 0
0.0612245 0.122449 0
0.0816327 0.122449 0
0.102041 0.122449 0
0.122449 0.122449 0
0.142857 0.122449 0
0.163265 0.122449 0
0.183673 0.122449 0
0.204082 0.122449 0
0.22449 0.122449 0
0.244898 0.122449 0
0.265306 0.122449 0
0.285714 0.122449 0
0.306122 0.122449 0
0.326531 0.122449 0
0.346939 0.122449 0
0.367347 0.122449 0
0.387755 0.122449 0
0.408163 0.122449 0
0.428571 0.122449 0
0.44898 0.122449 0
0.469388 0.122449 0
0.489796 0.122449 0
0.510204 0.122449 0
0.530612 0.122449 0
0.55102 0.122449 0
0.571429 0.122449 0
0.591837 0.122449 0
0.612245 0.122449 0
0.632653 0.122449 0
0.653061 0.122449 0
0.673469 0.122449 0
0.693878 0.122449 0
0.714286 0.122449 0
0.734694 0.122449 0
0.755102 0.122449 0
0.77551 0.122449 0
0.795918 0.122449 0
0.816327 0.122449 0
0.836735 0.122449 0
0.857143 0.122449 0
0.877551 0.122449 0
0.897959 0.122449 0
0.918367 0.122449 0
0.938776 0.122449 0
0.959184 0.122449 0
0.979592 0.122449 0
1 0.122449 0
0 0.163265 0.00165719
0.0204082 0.163265 -0.013313
0.0408163 0.163265 0
0.0612245 0.163265 0
0.0816327 0.163265 0
0.102041 0.163265 0
0.122449 0.163265 0
0.142857 0.163265 0
0.163265 0.163265 0
0.183673 0.163265 0
0.204082 0.163265 0
0.22449 0.163265 0
0.244898 0.163265 0
0.265306 0.163265 0
0.285714 0.163265 0
0.306122 0.163265 0
0.326531 0.163265 0
0.346939 0.163265 0
0.367347 0.163265 0
0.387755 0.163265 0
0.408163 0.163265 0
0.428571 0.163265 0
0.44898 0.163265 0
0.469388 0.163265 0
0.489796 0.163265 0
0.510204 0.163265 0
0.530612 0.163265 0
0.55102 0.163265 0
0.571429 0.163265 0
0.591837 0.163265 0
0.612245 0.163265 0
0.632653 0.163265 0
0.653061 0.163265 0
0.673469 0.163265 0
0.693878 0.163265 0
0.714286 0.163265 0
0.734694 0.163265 0
0.755102 0.163265 0
0.77551 0.163265 0
0.795918 0.163265 0
0.816327 0.163265 0
0.836735 0.163265 0
0.857143 0.163265 0
0.877551 0.163265 0
0.897959 0.163265 0
0.918367 0.163265 0
0.938776 0.163265 0
0.959184 0.163265 0
0.979592 0.163265 0
1 0.163265 0
0 0.204082 -0.0216488
0.0204082 0.204082 -0.139715
0.0408163 0.204082 0.0532519
0.0612245 0.204082 0
0.0816327 0.204082 0
0.102041 0.204082 0
0.122449 0.204082 0
0.142857 0.204082 0
0.163265 0.204082 0
0.183673 0.204082 0
0.204082 0.204082 0
0.22449 0.204082 0
0.244898 0.204082 0
0.265306 0.204082 0
0.285714 0.204082 0
0.306122 0.204082 0
0.326531 0.204082 0
0.346939 0.204082 0
0.367347 0.204082 0
0.387755 0.204082 0
0.408163 0.204082 0
0.428571 0.204082 0
0.44898 0.204082 0
0.469388 0.204082 0
0.489796 0.204082 0
0.510204 0.204082 0
0.530612 0.204082 0
0.55102 0.204082 0
0.571429 0.204082 0
0.591837 0.204082 0
0.612245 0.204082 0
0.632653 0.204082 0
0.653061 0.204082 0
0.673469 0.204082 0
0.693878 0.204082 0
0.714286 0.204082 0
0.734694 0.204082 0
0.755102 0.204082 0
0.77551 0.204082 0
0.795918 0.204082 0
0.816327 0.204082 0
0.836735 0.204082 0
0.857143 0.204082 0
0.877551 0.204082 0
0.897959 0.204082 0
0.918367 0.204082 0
0.938776 0.204082 0
0.959184 0.204082 0
0.979592 0.204082 0
1 0.204082 0
0 0.244898 -0.249508
0.0204082 0.244898 -1.50978
0.0408163 0.244898 1.0912
0.0612245 0.244898 -0.213008
0.0816327 0.244898 0
0.102041 0.244898 0
0.122449 0.244898 0
0.142857 0.244898 0
0.163265 0.244898 0
0.183673 0.244898 0
0.204082 0.244898 0
0.22449 0.244898 0
0.244898 0.244898 0
0.265306 0.244898 0
0.285714 0.244898 0
0.306122 0.244898 0
0.326531 0.244898 0
0.346939 0.244898 0
0.367347 0.244898 0
0.387755 0.244898 0
0.408163 0.244898 0
0.428571 0.244898 0
0.44898 0.244898 0
0.469388 0.244898 0
0.489796 0.244898 0
0.510204 0.244898 0
0.530612 0.244898 0
0.55102 0.244898 0
0.571429 0.244898 0
0.591837 0.244898 0
0.612245 0.244898 0
0.632653 0.244898 0
0.653061 0.244898 0
0.673469 0.244898 0
0.693878 0.244898 0
0.714286 0.244898 0
0.734694 0.244898 0
0.755102 0.244898 0
0.77551 0.244898 0
0.795918 0.244898 0
0.816327 0.244898 0
0.836735 0.244898 0
0.857143 0.244898 0
0.877551 0.244898 0
0.897959 0.244898 0
0.918367 0.244898 0
0.938776 0.244898 0
0.959184 0.244898 0
0.979592 0.244898 0
1 0.244898 0
0 0.285714 -2.76016
0.0204082 0.285714 -18.3199
0.0408163 0.285714 17.7464
0.0612245 0.285714 -6.49422
0.0816327 0.285714 0.852031
0.102041 0.285714 0
0.122449 0.285714 0
0.142857 0.285714 0
0.163265 0.285714 0
0.183673 0.285714 0
0.204082 0.285714 0
0.22449 0.285714 0
0.244898 0.285714 0
0.265306 0.285714 0
0.285714 0.285714 0
0.306122 0.285714 0
0.326531 0.285714 0
0.346939 0.285714 0
0.367347 0.285714 0
0.387755 0.285714 0
0.408163 0.285714 0
0.428571 0.285714 0
0.44898 0.285714 0
0.469388 0.285714 0
0.489796 0.285714 0
0.510204 0.285714 0
0.530612 0.285714 0
0.55102 0.285714 0
0.571429 0.285714 0
0.591837 0.285714 0
0.612245 0.285714 0
0.632653 0.285714 0
0.653061 0.285714 0
0.673469 0.285714 0
0.693878 0.285714 0
0.714286 0.285714 0
0.734694 0.285714 0
0.755102 0.285714 0
0.77551 0.285714 0
0.795918 0.285714 0
0.816327 0.285714 0
0.836735 0.285714 0
0.857143 0.285714 0
0.877551 0.285714 0
0.897959 0.285714 0
0.918367 0.285714 0
0.938776 0.285714 0
0.959184 0.285714 0
0.979592 0.285714 0
1 0.285714 0
0 0.326531 -33.8681
0.0204082 0.326531 -241.573
0.0408163 0.326531 275.572
0.0612245 0.326531 -139.102
0.0816327 0.326531 34.4946
0.102041 0.326531 -3.40812
0.122449 0.326531 0
0.142857 0.326531 0
0.163265 0.326531 0
0.183673 0.326531 0
0.204082 0.326531 0
0.22449 0.326531 0
0.244898 0.326531 0
0.265306 0.326531 0
0.285714 0.326531 0
0.306122 0.326531 0
0.326531 0.326531 0
0.346939 0.326531 0
0.367347 0.326531 0
0.387755 0.326531 0
0.408163 0.326531 0
0.428571 0.326531 0
0.44898 0.326531 0
0.469388 0.326531 0
0.489796 0.326531 0
0.510204 0.326531 0
0.530612 0.326531 0
0.55102 0.326531 0
0.571429 0.326531 0
0.591837 0.326531 0
0.612245 0.326531 0
0.632653 0.326531 0
0.653061 0.326531 0
0.673469 0.326531 0
0.693878 0.326531 0
0.714286 0.326531 0
0.734694 0.326531 0
0.755102 0.326531 0
0.77551 0.326531 0
0.795918 0.326531 0
0.816327 0.326531 0
0.836735 0.326531 0
0.857143 0.326531 0
0.877551 0.326531 0
0.897959 0.326531 0
0.918367 0.326531 0
0.938776 0.326531 0
0.959184 0.326531 0
0.979592 0.326531 0
1 0.326531 0
0 0.367347 -449.266
0.0204082 0.367347 -3363.43
0.0408163 0.367347 4259.78
0.0612245 0.367347 -2624.36
0.0816327 0.367347 914.032
0.102041 0.367347 -172.05
0.122449 0.367347 13.6325
0.142857 0.367347 0
0.163265 0.367347 0
0.183673 0.367347 0
0.204082 0.367347 0
0.22449 0.367347 0
0.244898 0.367347 0
0.265306 0.367347 0
0.285714 0.367347 0
0.306122 0.367347 0
0.326531 0.367347 0
0.346939 0.367347 0
0.367347 0.367347 0
0.387755 0.367347 0
0.408163 0.367347 0
0.428571 0.367347 0
0.44898 0.367347 0
0.469388 0.367347 0
0.489796 0.367347 0
0.510204 0.367347 0
0.530612 0.367347 0
0.55102 0.367347 0
0.571429 0.367347 0
0.591837 0.367347 0
0.612245 0.367347 0
0.632653 0.367347 0
0.653061 0.367347 0
0.673469 0.367347 0
0.693878 0.367347 0
0.714286 0.367347 0
0.734694 0.367347 0
0.755102 0.367347 0
0.77551 0.367347 0
0.795918 0.367347 0
0.816327 0.367347 0
0.836735 0.367347 0
0.857143 0.367347 0
0.877551 0.367347 0
0.897959 0.367347 0
0.918367 0.367347 0
0.938776 0.367347 0
0.959184 0.367347 0
0.979592 0.367347 0
1 0.367347 0
0 0.408163 -6277.58
0.0204082 0.408163 -48623.6
0.0408163 0.408163 66259.5
0.0612245 0.408163 -46791.4
0.0816327 0.408163 20288.7
0.102041 0.408163 -5427.25
0.122449 0.408163 824.487
0.142857 0.408163 -54.53
0.163265 0.408163 0
0.183673 0.408163 0
0.204082 0.408163 0
0.22449 0.408163 0
0.244898 0.408163 0
0.265306 0.408163 0
0.285714 0.408163 0
0.306122 0.408163 0
0.326531 0.408163 0
0.346939 0.408163 0
0.367347 0.408163 0
0.387755 0.408163 0
0.408163 0.408163 0
0.428571 0.408163 0
0.44898 0.408163 0
0.469388 0.408163 0
0.489796 0.408163 0
0.510204 0.408163 0
0.530612 0.408163 0
0.55102 0.408163 0
0.571429 0.408163 0
0.591837 0.408163 0
0.612245 0.408163 0
0.632653 0.408163 0
0.653061 0.408163 0
0.673469 0.408163 0
0.693878 0.408163 0
0.714286 0.408163 0
0.734694 0.408163 0
0.755102 0.408163 0
0.77551 0.408163 0
0.795918 0.408163 0
0.816327 0.408163 0
0.836735 0.408163 0
0.857143 0.408163 0
0.877551 0.408163 0
0.897959 0.408163 0
0.918367 0.408163 0
0.938776 0.408163 0
0.959184 0.408163 0
0.979592 0.408163 0
1 0.408163 0
0 0.44898 -90969.7
0.0204082 0.44898 -722640
0.0408163 0.44898 1.03978e+06
0.0612245 0.44898 -811335
0.0816327 0.44898 410786
0.102041 0.44898 -138537
0.122449 0.44898 30156.1
0.142857 0.44898 -3843.11
0.163265 0.44898 218.12
0.183673 0.44898 0
0.204082 0.44898 0
0.22449 0.44898 0
0.244898 0.44898 0
0.265306 0.44898 0
0.285714 0.44898 0
0.306122 0.44898 0
0.326531 0.44898 0
0.346939 0.44898 0
0.367347 0.44898 0
0.387755 0.44898 0
0.408163 0.44898 0
0.428571 0.44898 0
0.44898 0.44898 0
0.469388 0.44898 0
0.489796 0.44898 0
0.510204 0.44898 0
0.530612 0.44898 0
0.55102 0.44898 0
0.571429 0.44898 0
0.591837 0.44898 0
0.612245 0.44898 0
0.632653 0.44898 0
0.653061 0.44898 0
0.673469 0.44898 0
0.693878 0.44898 0
0.714286 0.44898 0
0.734694 0.44898 0
0.755102 0.44898 0
0.77551 0.44898 0
0.795918 0.44898 0
0.816327 0.44898 0
0.836735 0.44898 0
0.857143 0.44898 0
0.877551 0.44898 0
0.897959 0.44898 0
0.918367 0.44898 0
0.938776 0.44898 0
0.959184 0.44898 0
0.979592 0.44898 0
1 0.44898 0
0 0.489796 -1.35431e+06
0.0204082 0.489796 -1.09706e+07
0.0408163 0.489796 1.64641e+07
0.0612245 0.489796 -1.38663e+07
0.0816327 0.489796 7.88581e+06
0.102041 0.489796 -3.14332e+06
0.122449 0.489796 870177
0.142857 0.489796 -159864
0.163265 0.489796 17553.1
0.183673 0.489796 -872.48
0.204082 0.489796 0
0.22449 0.489796 0
0.244898 0.489796 0
0.265306 0.489796 0
0.285714 0.489796 0
0.306122 0.489796 0
0.326531 0.489796 0
0.346939 0.489796 0
0.367347 0.489796 0
0.387755 0.489796 0
0.408163 0.489796 0
0.428571 0.489796 0
0.44898 0.489796 0
0.469388 0.489796 0
0.489796 0.489796 0
0.510204 0.489796 0
0.530612 0.489796 0
0.55102 0.489796 0
0.571429 0.489796 0
0.591837 0.489796 0
0.612245 0.489796 0
0.632653 0.489796 0
0.653061 0.489796 0
0.673469 0.489796 0
0.693878 0.489796 0
0.714286 0.489796 0
0.734694 0.489796 0
0.755102 0.489796 0
0.77551 0.489796 0
0.795918 0.489796 0
0.816327 0.489796 0
0.836735 0.489796 0
0.857143 0.489796 0
0.877551 0.489796 0
0.897959 0.489796 0
0.918367 0.489796 0
0.938776 0.489796 0
0.959184 0.489796 0
0.979592 0.489796 0
1 0.489796 0
0 0.530612 -2.05869e+07
0.0204082 0.530612 -1.69386e+08
0.0408163 0.530612 2.62895e+08
0.0612245 0.530612 -2.35207e+08
0.0816327 0.530612 1.46462e+08
0.102041 0.530612 -6.63095e+07
0.122449 0.530612 2.1882e+07
0.142857 0.530612 -5.14531e+06
0.163265 0.530612 818217
0.183673 0.530612 -78935.5
0.204082 0.530612 3489.92
0.22449 0.530612 0
0.244898 0.530612 0
0.265306 0.530612 0
0.285714 0.530612 0
0.306122 0.530612 0
0.326531 0.530612 0
0.346939 0.530612 0
0.367347 0.530612 0
0.387755 0.530612 0
0.408163 0.530612 0
0.428571 0.530612 0
0.44898 0.530612 0
0.469388 0.530612 0
0.489796 0.530612 0
0.510204 0.530612 0
0.530612 0.530612 0
0.55102 0.530612 0
0.571429 0.530612 0
0.591837 0.530612 0
0.612245 0.530612 0
0.632653 0.530612 0
0.653061 0.530612 0
0.673469 0.530612 0
0.693878 0.530612 0
0.714286 0.530612 0
0.734694 0.530612 0
0.755102 0.530612 0
0.77551 0.530612 0
0.795918 0.530612 0
0.816327 0.530612 0
0.836735 0.530612 0
0.857143 0.530612 0
0.877551 0.530612 0
0.897959 0.530612 0
0.918367 0.530612 0
0.938776 0.530612 0
0.959184 0.530612 0
0.979592 0.530612 0
1 0.530612 0
0 0.571429 -3.18186e+08
0.0204082 0.571429 -2.65156e+09
0.0408163 0.571429 4.23e+09
0.0612245 0.571429 -3.97489e+09
0.0816327 0.571429 2.66235e+09
0.102041 0.571429 -1.33314e+09
0.122449 0.571429 5.03709e+08
0.142857 0.571429 -1.42081e+08
0.163265 0.571429 2.90597e+07
0.183673 0.571429 -4.07514e+06
0.204082 0.571429 350634
0.22449 0.571429 -13959.7
0.244898 0.571429 0
0.265306 0.571429 0
0.285714 0.571429 0
0.306122 0.571429 0
0.326531 0.571429 0
0.346939 0.571429 0
0.367347 0.571429 0
0.387755 0.571429 0
0.408163 0.571429 0
0.428571 0.571429 0
0.44898 0.571429 0
0.469388 0.571429 0
0.489796 0.571429 0
0.510204 0.571429 0
0.530612 0.571429 0
0.55102 0.571429 0
0.571429 0.571429 0
0.591837 0.571429 0
0.612245 0.571429 0
0.632653 0.571429 0
0.653061 0.571429 0
0.673469 0.571429 0
0.693878 0.571429 0
0.714286 0.571429 0
0.734694 0.571429 0
0.755102 0.571429 0
0.77551 0.571429 0
0.795918 0.571429 0
0.816327 0.571429 0
0.836735 0.571429 0
0.857143 0.571429 0
0.877551 0.571429 0
0.897959 0.571429 0
0.918367 0.571429 0
0.938776 0.571429 0
0.959184 0.571429 0
0.979592 0.571429 0
1 0.571429 0
0 0.612245 -4.98494e+09
0.0204082 0.612245 -4.19847e+10
0.0408163 0.612245 6.85292e+10
0.0612245 0.612245 -6.70706e+10
0.0816327 0.612245 4.77011e+10
0.102041 0.612245 -2.59255e+10
0.122449 0.612245 1.09147e+10
0.142857 0.612245 -3.54638e+09
0.163265 0.612245 8.74335e+08
0.183673 0.612245 -1.58305e+08
0.204082 0.612245 1.98586e+07
0.22449 0.612245 -1.54211e+06
0.244898 0.612245 55838.7
0.265306 0.612245 0
0.285714 0.612245 0
0.306122 0.612245 0
0.326531 0.612245 0
0.346939 0.612245 0
0.367347 0.612245 0
0.387755 0.612245 0
0.408163 0.612245 0
0.428571 0.612245 0
0.44898 0.612245 0
0.469388 0.612245 0
0.489796 0.612245 0
0.510204 0.612245 0
0.530612 0.612245 0
0.55102 0.612245 0
0.571429 0.612245 0
0.591837 0.612245 0
0.612245 0.612245 0
0.632653 0.612245 0
0.653061 0.612245 0
0.673469 0.612245 0
0.693878 0.612245 0
0.714286 0.612245 0
0.734694 0.612245 0
0.755102 0.612245 0
0.77551 0.612245 0
0.795918 0.612245 0
0.816327 0.612245 0
0.836735 0.612245 0
0.857143 0.612245 0
0.877551 0.612245 0
0.897959 0.612245 0
0.918367 0.612245 0
0.938776 0.612245 0
0.959184 0.612245 0
0.979592 0.612245 0
1 0.612245 0
0 0.653061 -7.89845e+10
0.0204082 0.653061 -6.71234e+11
0.0408163 0.653061 1.11706e+12
0.0612245 0.653061 -1.13144e+12
0.0816327 0.653061 8.46188e+11
0.102041 0.653061 -4.9231e+11
0.122449 0.653061 2.26501e+11
0.142857 0.653061 -8.24689e+10
0.163265 0.653061 2.3531e+10
0.183673 0.653061 -5.15541e+09
0.204082 0.653061 8.37586e+08
0.22449 0.653061 -9.50622e+07
0.244898 0.653061 6.72674e+06
0.265306 0.653061 -223355
0.285714 0.653061 0
0.306122 0.653061 0
0.326531 0.653061 0
0.346939 0.653061 0
0.367347 0.653061 0
0.387755 0.653061 0
0.408163 0.653061 0
0.428571 0.653061 0
0.44898 0.653061 0
0.469388 0.653061 0
0.489796 0.653061 0
0.510204 0.653061 0
0.530612 0.653061 0
0.55102 0.653061 0
0.571429 0.653061 0
0.591837 0.653061 0
0.612245 0.653061 0
0.632653 0.653061 0
0.653061 0.653061 0
0.673469 0.653061 0
0.693878 0.653061 0
0.714286 0.653061 0
0.734694 0.653061 0
0.755102 0.653061 0
0.77551 0.653061 0
0.795918 0.653061 0
0.816327 0.653061 0
0.836735 0.653061 0
0.857143 0.653061 0
0.877551 0.653061 0
0.897959 0.653061 0
0.918367 0.653061 0
0.938776 0.653061 0
0.959184 0.653061 0
0.979592 0.653061 0
1 0.653061 0
0 0.693878 -1.26348e+12
0.0204082 0.693878 -1.08204e+13
0.0408163 0.693878 1.83091e+13
0.0612245 0.693878 -1.90968e+13
0.0816327 0.693878 1.49066e+13
0.102041 0.693878 -9.18651e+12
0.122449 0.693878 4.5526e+12
0.142857 0.693878 -1.82106e+12
0.163265 0.693878 5.84878e+11
0.183673 0.693878 -1.48859e+11
0.204082 0.693878 2.93563e+10
0.22449 0.693878 -4.32617e+09
0.244898 0.693878 4.48344e+08
0.265306 0.693878 -2.91402e+07
0.285714 0.693878 893419
0.306122 0.693878 0
0.326531 0.693878 0
0.346939 0.693878 0
0.367347 0.693878 0
0.387755 0.693878 0
0.408163 0.693878 0
0.428571 0.693878 0
0.44898 0.693878 0
0.469388 0.693878 0
0.489796 0.693878 0
0.510204 0.693878 0
0.530612 0.693878 0
0.55102 0.693878 0
0.571429 0.693878 0
0.591837 0.693878 0
0.612245 0.693878 0
0.632653 0.693878 0
0.653061 0.693878 0
0.673469 0.693878 0
0.693878 0.693878 0
0.714286 0.693878 0
0.734694 0.693878 0
0.755102 0.693878 0
0.77551 0.693878 0
0.795918 0.693878 0
0.816327 0.693878 0
0.836735 0.693878 0
0.857143 0.693878 0
0.877551 0.693878 0
0.897959 0.693878 0
0.918367 0.693878 0
0.938776 0.693878 0
0.959184 0.693878 0
0.979592 0.693878 0
1 0.693878 0
0 0.734694 -2.03774e+13
0.0204082 0.734694 -1.7568e+14
0.0408163 0.734694 3.01584e+14
0.0612245 0.734694 -3.22639e+14
0.0816327 0.734694 2.61308e+14
0.102041 0.734694 -1.69183e+14
0.122449 0.734694 8.93174e+13
0.142857 0.734694 -3.86734e+13
0.163265 0.734694 1.37036e+13
0.183673 0.734694 -3.94006e+12
0.204082 0.734694 9.0541e+11
0.22449 0.734694 -1.62378e+11
0.244898 0.734694 2.18973e+10
0.265306 0.734694 -2.08809e+09
0.285714 0.734694 1.25494e+08
0.306122 0.734694 -3.57368e+06
0.326531 0.734694 0
0.346939 0.734694 0
0.367347 0.734694 0
0.387755 0.734694 0
0.408163 0.734694 0
0.428571 0.734694 0
0.44898 0.734694 0
0.469388 0.734694 0
0.489796 0.734694 0
0.510204 0.734694 0
0.530612 0.734694 0
0.55102 0.734694 0
0.571429 0.734694 0
0.591837 0.734694 0
0.612245 0.734694 0
0.632653 0.734694 0
0.653061 0.734694 0
0.673469 0.734694 0
0.693878 0.734694 0
0.714286 0.734694 0
0.734694 0.734694 0
0.755102 0.734694 0
0.77551 0.734694 0
0.795918 0.734694 0
0.816327 0.734694 0
0.836735 0.734694 0
0.857143 0.734694 0
0.877551 0.734694 0
0.897959 0.734694 0
0.918367 0.734694 0
0.938776 0.734694 0
0.959184 0.734694 0
0.979592 0.734694 0
1 0.734694 0
0 0.77551 -3.30982e+14
0.0204082 0.77551 -2.87022e+15
0.0408163 0.77551 4.98982e+15
0.0612245 0.77551 -5.45784e+15
0.0816327 0.77551 4.56467e+15
0.102041 0.77551 -3.08466e+15
0.122449 0.77551 1.7198e+15
0.142857 0.77551 -7.96899e+14
0.163265 0.77551 3.06873e+14
0.183673 0.77551 -9.76792e+13
0.204082 0.77551 2.54327e+13
0.22449 0.77551 -5.3284e+12
0.244898 0.77551 8.76355e+11
0.265306 0.77551 -1.0894e+11
0.285714 0.77551 9.62056e+09
0.306122 0.77551 -5.3771e+08
0.326531 0.77551 1.42947e+07
0.346939 0.77551 0
0.367347 0.77551 0
0.387755 0.77551 0
0.408163 0.77551 0
0.428571 0.77551 0
0.44898 0.77551 0
0.469388 0.77551 0
0.489796 0.77551 0
0.510204 0.77551 0
0.530612 0.77551 0
0.55102 0.77551 0
0.571429 0.77551 0
0.591837 0.77551 0
0.612245 0.77551 0
0.632653 0.77551 0
0.653061 0.77551 0
0.673469 0.77551 0
0.693878 0.77551 0
0.714286 0.77551 0
0.734694 0.77551 0
0.755102 0.77551 0
0.77551 0.77551 0
0.795918 0.77551 0
0.816327 0.77551 0
0.836735 0.77551 0
0.857143 0.77551 0
0.877551 0.77551 0
0.897959 0.77551 0
0.918367 0.77551 0
0.938776 0.77551 0
0.959184 0.77551 0
0.979592 0.77551 0
1 0.77551 0
0 0.816327 -5.40946e+15
0.0204082 0.816327 -4.71524e+16
0.0408163 0.816327 8.28926e+16
0.0612245 0.816327 -9.24565e+16
0.0816327 0.816327 7.95415e+16
0.102041 0.816327 -5.58064e+16
0.122449 0.816327 3.26303e+16
0.142857 0.816327 -1.6035e+16
0.163265 0.816327 6.63262e+15
0.183673 0.816327 -2.30187e+15
0.204082 0.816327 6.65403e+14
0.22449 0.816327 -1.58349e+14
0.244898 0.816327 3.04897e+13
0.265306 0.816327 -4.63107e+12
0.285714 0.816327 5.33981e+11
0.306122 0.816327 -4.39124e+10
0.326531 0.816327 2.29378e+09
0.346939 0.816327 -5.71788e+07
0.367347 0.816327 0
0.387755 0.816327 0
0.408163 0.816327 0
0.428571 0.816327 0
0.44898 0.816327 0
0.469388 0.816327 0
0.489796 0.816327 0
0.510204 0.816327 0
0.530612 0.816327 0
0.55102 0.816327 0
0.571429 0.816327 0
0.591837 0.816327 0
0.612245 0.816327 0
0.632653 0.816327 0
0.653061 0.816327 0
0.673469 0.816327 0
0.693878 0.816327 0
0.714286 0.816327 0
0.734694 0.816327 0
0.755102 0.816327 0
0.77551 0.816327 0
0.795918 0.816327 0
0.816327 0.816327 0
0.836735 0.816327 0
0.857143 0.816327 0
0.877551 0.816327 0
0.897959 0.816327 0
0.918367 0.816327 0
0.938776 0.816327 0
0.959184 0.816327 0
0.979592 0.816327 0
1 0.816327 0
0 0.857143 -8.88953e+16
0.0204082 0.857143 -7.7843e+17
0.0408163 0.857143 1.3821e+18
0.0612245 0.857143 -1.56855e+18
0.0816327 0.857143 1.38366e+18
0.102041 0.857143 -1.00351e+18
0.122449 0.857143 6.1186e+17
0.142857 0.857143 -3.16564e+17
0.163265 0.857143 1.39351e+17
0.183673 0.857143 -5.21082e+16
0.204082 0.857143 1.64682e+16
0.22449 0.857143 -4.36146e+15
0.244898 0.857143 9.55894e+14
0.265306 0.857143 -1.7029e+14
0.285714 0.857143 2.40295e+13
0.306122 0.857143 -2.58364e+12
0.326531 0.857143 1.988e+11
0.346939 0.857143 -9.74686e+09
0.367347 0.857143 2.28715e+08
0.387755 0.857143 0
0.408163 0.857143 0
0.428571 0.857143 0
0.44898 0.857143 0
0.469388 0.857143 0
0.489796 0.857143 0
0.510204 0.857143 0
0.530612 0.857143 0
0.55102 0.857143 0
0.571429 0.857143 0
0.591837 0.857143 0
0.612245 0.857143 0
0.632653 0.857143 0
0.653061 0.857143 0
0.673469 0.857143 0
0.693878 0.857143 0
0.714286 0.857143 0
0.734694 0.857143 0
0.755102 0.857143 0
0.77551 0.857143 0
0.795918 0.857143 0
0.816327 0.857143 0
0.836735 0.857143 0
0.857143 0.857143 0
0.877551 0.857143 0
0.897959 0.857143 0
0.918367 0.857143 0
0.938776 0.857143 0
0.959184 0.857143 0
0.979592 0.857143 0
1 0.857143 0
0 0.897959 -1.46797e+18
0.0204082 0.897959 -1.29074e+19
0.0408163 0.897959 2.31216e+19
0.0612245 0.897959 -2.66512e+19
0.0816327 0.897959 2.40411e+19
0.102041 0.897959 -1.79584e+19
0.122449 0.897959 1.13646e+19
0.142857 0.897959 -6.15365e+18
0.163265 0.897959 2.86124e+18
0.183673 0.897959 -1.14195e+18
0.204082 0.897959 3.89863e+17
0.22449 0.897959 -1.13145e+17
0.244898 0.897959 2.7654e+16
0.265306 0.897959 -5.61775e+15
0.285714 0.897959 9.31231e+14
0.306122 0.897959 -1.22703e+14
0.326531 0.897959 1.23591e+13
0.346939 0.897959 -8.93521e+11
0.367347 0.897959 4.12745e+10
0.387755 0.897959 -9.14861e+08
0.408163 0.897959 0
0.428571 0.897959 0
0.44898 0.897959 0
0.469388 0.897959 0
0.489796 0.897959 0
0.510204 0.897959 0
0.530612 0.897959 0
0.55102 0.897959 0
0.571429 0.897959 0
0.591837 0.897959 0
0.612245 0.897959 0
0.632653 0.897959 0
0.653061 0.897959 0
0.673469 0.897959 0
0.693878 0.897959 0
0.714286 0.897959 0
0.734694 0.897959 0
0.755102 0.897959 0
0.77551 0.897959 0
0.795918 0.897959 0
0.816327 0.897959 0
0.836735 0.897959 0
0.857143 0.897959 0
0.877551 0.897959 0
0.897959 0.897959 0
0.918367 0.897959 0
0.938776 0.897959 0
0.959184 0.897959 0
0.979592 0.897959 0
1 0.897959 0
0 0.938776 -2.43468e+19
0.0204082 0.938776 -2.14867e+20
0.0408163 0.938776 3.87993e+20
0.0612245 0.938776 -4.5351e+20
0.0816327 0.938776 4.17393e+20
0.102041 0.938776 -3.20152e+20
0.122449 0.938776 2.09451e+20
0.142857 0.938776 -1.18108e+20
0.163265 0.938776 5.76488e+19
0.183673 0.938776 -2.43694e+19
0.204082 0.938776 8.90178e+18
0.22449 0.938776 -2.79696e+18
0.244898 0.938776 7.50594e+17
0.265306 0.938776 -1.70341e+17
0.285714 0.938776 3.2249e+16
0.306122 0.938776 -4.9987e+15
0.326531 0.938776 6.17771e+14
0.346939 0.938776 -5.85265e+13
0.367347 0.938776 3.99024e+12
0.387755 0.938776 -1.74246e+11
0.408163 0.938776 3.65944e+09
0.428571 0.938776 0
0.44898 0.938776 0
0.469388 0.938776 0
0.489796 0.938776 0
0.510204 0.938776 0
0.530612 0.938776 0
0.55102 0.938776 0
0.571429 0.938776 0
0.591837 0.938776 0
0.612245 0.938776 0
0.632653 0.938776 0
0.653061 0.938776 0
0.673469 0.938776 0
0.693878 0.938776 0
0.714286 0.938776 0
0.734694 0.938776 0
0.755102 0.938776 0
0.77551 0.938776 0
0.795918 0.938776 0
0.816327 0.938776 0
0.836735 0.938776 0
0.857143 0.938776 0
0.877551 0.938776 0
0.897959 0.938776 0
0.918367 0.938776 0
0.938776 0.938776 0
0.959184 0.938776 0
0.979592 0.938776 0
1 0.938776 0
0 0.979592 -4.05388e+20
0.0204082 0.979592 -3.58964e+21
0.0408163 0.979592 6.52905e+21
0.0612245 0.979592 -7.72856e+21
0.0816327 0.979592 7.24327e+21
0.102041 0.979592 -5.69001e+21
0.122449 0.979592 3.83562e+21
0.142857 0.979592 -2.24302e+21
0.163265 0.979592 1.1434e+21
0.183673 0.979592 -5.08702e+20
0.204082 0.979592 1.97276e+20
0.22449 0.979592 -6.64612e+19
0.244898 0.979592 1.93464e+19
0.265306 0.979592 -4.82894e+18
0.285714 0.979592 1.02288e+18
0.306122 0.979592 -1.81327e+17
0.326531 0.979592 2.63938e+16
0.346939 0.979592 -3.07138e+15
0.367347 0.979592 2.74662e+14
0.387755 0.979592 -1.77171e+13
0.408163 0.979592 7.33579e+11
0.428571 0.979592 -1.46378e+10
0.44898 0.979592 0
0.469388 0.979592 0
0.489796 0.979592 0
0.510204 0.979592 0
0.530612 0.979592 0
0.55102 0.979592 0
0.571429 0.979592 0
0.591837 0.979592 0
0.612245 0.979592 0
0.632653 0.979592 0
0.653061 0.979592 0
0.673469 0.979592 0
0.693878 0.979592 0
0.714286 0.979592 0
0.734694 0.979592 0
0.755102 0.979592 0
0.77551 0.979592 0
0.795918 0.979592 0
0.816327 0.979592 0
0.836735 0.979592 0
0.857143 0.979592 0
0.877551 0.979592 0
0.897959 0.979592 0
0.918367 0.979592 0
0.938776 0.979592 0
0.959184 0.979592 0
0.979592 0.979592 0
1 0.979592 0
0 1.02041 -6.77389e+21
0.0204082 1.02041 -6.01643e+22
0.0408163 1.02041 1.10154e+23
0.0612245 1.02041 -1.31897e+23
0.0816327 1.02041 1.25668e+23
0.102041 1.02041 -1.00879e+23
0.122449 1.02041 6.98685e+22
0.142857 1.02041 -4.22225e+22
0.163265 1.02041 2.23806e+22
0.183673 1.02041 -1.04243e+22
0.204082 1.02041 4.26413e+21
0.22449 1.02041 -1.52819e+21
0.244898 1.02041 4.77844e+20
0.265306 1.02041 -1.2959e+20
0.285714 1.02041 3.02365e+19
0.306122 1.02041 -6.0052e+18
0.326531 1.02041 1.00089e+18
0.346939 1.02041 -1.37327e+17
0.367347 1.02041 1.50989e+16
0.387755 1.02041 -1.27857e+15
0.408163 1.02041 7.82589e+13
0.428571 1.02041 -3.08069e+12
0.44898 1.02041 5.85511e+10
0.469388 1.02041 0
0.489796 1.02041 0
0.510204 1.02041 0
0.530612 1.02041 0
0.55102 1.02041 0
0.571429 1.02041 0
0.591837 1.02041 0
0.612245 1.02041 0
0.632653 1.02041 0
0.653061 1.02041 0
0.673469 1.02041 0
0.693878 1.02041 0
0.714286 1.02041 0
0.734694 1.02041 0
0.755102 1.02041 0
0.77551 1.02041 0
0.795918 1.02041 0
0.816327 1.02041 0
0.836735 1.02041 0
0.857143 1.02041 0
0.877551 1.02041 0
0.897959 1.02041 0
0.918367 1.02041 0
0.938776 1.02041 0
0.959184 1.02041 0
0.979592 1.02041 0
1 1.02041 0
0 1.06122 -1.13555e+23
0.0204082 1.06122 -1.01137e+24
0.0408163 1.06122 1.8629e+24
0.0612245 1.06122 -2.25411e+24
0.0816327 1.06122 2.18016e+24
0.102041 1.06122 -1.78495e+24
0.122449 1.06122 1.26707e+24
0.142857 1.06122 -7.88872e+23
0.163265 1.06122 4.33197e+23
0.183673 1.06122 -2.10291e+23
0.204082 1.06122 9.02457e+22
0.22449 1.06122 -3.41807e+22
0.244898 1.06122 1.13895e+22
0.265306 1.06122 -3.32322e+21
0.285714 1.06122 8.43688e+20
0.306122 1.06122 -1.84815e+20
0.326531 1.06122 3.45519e+19
0.346939 1.06122 -5.43409e+18
0.367347 1.06122 7.05131e+17
0.387755 1.06122 -7.34763e+16
0.408163 1.06122 5.90846e+15
0.428571 1.06122 -3.44062e+14
0.44898 1.06122 1.29083e+13
0.469388 1.06122 -2.34204e+11
0.489796 1.06122 0
0.510204 1.06122 0
0.530612 1.06122 0
0.55102 1.06122 0
0.571429 1.06122 0
0.591837 1.06122 0
0.612245 1.06122 0
0.632653 1.06122 0
0.653061 1.06122 0
0.673469 1.06122 0
0.693878 1.06122 0
0.714286 1.06122 0
0.734694 1.06122 0
0.755102 1.06122 0
0.77551 1.06122 0
0.795918 1.06122 0
0.816327 1.06122 0
0.836735 1.06122 0
0.857143 1.06122 0
0.877551 1.06122 0
0.897959 1.06122 0
0.918367 1.06122 0
0.938776 1.06122 0
0.959184 1.06122 0
0.979592 1.06122 0
1 1.06122 0
0 1.10204 -1.90919e+24
0.0204082 1.10204 -1.70476e+25
0.0408163 1.10204 3.15747e+25
0.0612245 1.10204 -3.85743e+25
0.0816327 1.10204 3.78255e+25
0.102041 1.10204 -3.15324e+25
0.122449 1.10204 2.28927e+25
0.142857 1.10204 -1.46455e+25
0.163265 1.10204 8.30523e+24
0.183673 1.10204 -4.18581e+24
0.204082 1.10204 1.8759e+24
0.22449 1.10204 -7.46761e+23
0.244898 1.10204 2.63416e+23
0.265306 1.10204 -8.2031e+22
0.285714 1.10204 2.24379e+22
0.306122 1.10204 -5.35493e+21
0.326531 1.10204 1.10549e+21
0.346939 1.10204 -1.95228e+20
0.367347 1.10204 2.90661e+19
0.387755 1.10204 -3.57762e+18
0.408163 1.10204 3.54286e+17
0.428571 1.10204 -2.7123e+16
0.44898 1.10204 1.50621e+15
0.469388 1.10204 -5.39751e+13
0.489796 1.10204 9.36818e+11
0.510204 1.10204 0
0.530612 1.10204 0
0.55102 1.10204 0
0.571429 1.10204 0
0.591837 1.10204 0
0.612245 1.10204 0
0.632653 1.10204 0
0.653061 1.10204 0
0.673469 1.10204 0
0.693878 1.10204 0
0.714286 1.10204 0
0.734694 1.10204 0
0.755102 1.10204 0
0.77551 1.10204 0
0.795918 1.10204 0
0.816327 1.10204 0
0.836735 1.10204 0
0.857143 1.10204 0
0.877551 1.10204 0
0.897959 1.10204 0
0.918367 1.10204 0
0.938776 1.10204 0
0.959184 1.10204 0
0.979592 1.10204 0
1 1.10204 0
0 1.14286 -3.2186e+25
0.0204082 1.14286 -2.8807e+26
0.0408163 1.14286 5.36269e+26
0.0612245 1.14286 -6.60968e+26
0.0816327 1.14286 6.56387e+26
0.102041 1.14286 -5.56321e+26
0.122449 1.14286 4.12309e+26
0.142857 1.14286 -2.70421e+26
0.163265 1.14286 1.57925e+26
0.183673 1.14286 -8.23634e+25
0.204082 1.14286 3.83954e+25
0.22449 1.14286 -1.59894e+25
0.244898 1.14286 5.93754e+24
0.265306 1.14286 -1.96029e+24
0.285714 1.14286 5.73054e+23
0.306122 1.14286 -1.47533e+23
0.326531 1.14286 3.32201e+22
0.346939 1.14286 -6.48495e+21
0.367347 1.14286 1.08517e+21
0.387755 1.14286 -1.53383e+20
0.408163 1.14286 1.79558e+19
0.428571 1.14286 -1.69405e+18
0.44898 1.14286 1.23757e+17
0.469388 1.14286 -6.56809e+15
0.489796 1.14286 2.25269e+14
0.510204 1.14286 -3.74727e+12
0.530612 1.14286 0
0.55102 1.14286 0
0.571429 1.14286 0
0.591837 1.14286 0
0.612245 1.14286 0
0.632653 1.14286 0
0.653061 1.14286 0
0.673469 1.14286 0
0.693878 1.14286 0
0.714286 1.14286 0
0.734694 1.14286 0
0.755102 1.14286 0
0.77551 1.14286 0
0.795918 1.14286 0
0.816327 1.14286 0
0.836735 1.14286 0
0.857143 1.14286 0
0.877551 1.14286 0
0.897959 1.14286 0
0.918367 1.14286 0
0.938776 1.14286 0
0.959184 1.14286 0
0.979592 1.14286 0
1 1.14286 0
0 1.18367 -5.43955e+26
0.0204082 1.18367 -4.87904e+27
0.0408163 1.18367 9.12553e+27
0.0612245 1.18367 -1.13397e+28
0.0816327 1.18367 1.13932e+28
0.102041 1.18367 -9.80486e+27
0.122449 1.18367 7.40605e+27
0.142857 1.18367 -4.96982e+27
0.163265 1.18367 2.98171e+27
0.183673 1.18367 -1.60455e+27
0.204082 1.18367 7.75416e+26
0.22449 1.18367 -3.36452e+26
0.244898 1.18367 1.30902e+26
0.265306 1.18367 -4.55607e+25
0.285714 1.18367 1.41388e+25
0.306122 1.18367 -3.89493e+24
0.326531 1.18367 9.47142e+23
0.346939 1.18367 -2.01872e+23
0.367347 1.18367 3.73754e+22
0.387755 1.18367 -5.9427e+21
0.408163 1.18367 7.99509e+20
0.428571 1.18367 -8.92315e+19
0.44898 1.18367 8.03853e+18
0.469388 1.18367 -5.61555e+17
0.489796 1.18367 2.85391e+16
0.510204 1.18367 -9.38547e+14
0.530612 1.18367 1.49891e+13
0.55102 1.18367 0
0.571429 1.18367 0
0.591837 1.18367 0
0.612245 1.18367 0
0.632653 1.18367 0
0.653061 1.18367 0
0.673469 1.18367 0
0.693878 1.18367 0
0.714286 1.18367 0
0.734694 1.18367 0
0.755102 1.18367 0
0.77551 1.18367 0
0.795918 1.18367 0
0.816327 1.18367 0
0.836735 1.18367 0
0.857143 1.18367 0
0.877551 1.18367 0
0.897959 1.18367 0
0.918367 1.18367 0
0.938776 1.18367 0
0.959184 1.18367 0
0.979592 1.18367 0
1 1.18367 0
0 1.22449 -9.21412e+27
0.0204082 1.22449 -8.28124e+28
0.0408163 1.22449 1.55564e+29
0.0612245 1.22449 -1.94775e+29
0.0816327 1.22449 1.97819e+29
0.102041 1.22449 -1.72661e+29
0.122449 1.22449 1.32727e+29
0.142857 1.22449 -9.09662e+28
0.163265 1.22449 5.59497e+28
0.183673 1.22449 -3.09883e+28
0.204082 1.22449 1.54783e+28
0.22449 1.22449 -6.97322e+27
0.244898 1.22449 2.83093e+27
0.265306 1.22449 -1.03375e+27
0.285714 1.22449 3.38622e+26
0.306122 1.22449 -9.91418e+25
0.326531 1.22449 2.58247e+25
0.346939 1.22449 -5.95018e+24
0.367347 1.22449 1.20391e+24
0.387755 1.22449 -2.11971e+23
0.408163 1.22449 3.21047e+22
0.428571 1.22449 -4.1208e+21
0.44898 1.22449 4.39433e+20
0.469388 1.22449 -3.78773e+19
0.489796 1.22449 2.53514e+18
0.510204 1.22449 -1.23598e+17
0.530612 1.22449 3.90408e+15
0.55102 1.22449 -5.99563e+13
0.571429 1.22449 0
0.591837 1.22449 0
0.612245 1.22449 0
0.632653 1.22449 0
0.653061 1.22449 0
0.673469 1.22449 0
0.693878 1.22449 0
0.714286 1.22449 0
0.734694 1.22449 0
0.755102 1.22449 0
0.77551 1.22449 0
0.795918 1.22449 0
0.816327 1.22449 0
0.836735 1.22449 0
0.857143 1.22449 0
0.877551 1.22449 0
0.897959 1.22449 0
0.918367 1.22449 0
0.938776 1.22449 0
0.959184 1.22449 0
0.979592 1.22449 0
1 1.22449 0
0 1.26531 -1.56411e+29
0.0204082 1.26531 -1.40837e+30
0.0408163 1.26531 2.65636e+30
0.0612245 1.26531 -3.34933e+30
0.0816327 1.26531 3.43594e+30
0.102041 1.26531 -3.03849e+30
0.122449 1.26531 2.37401e+30
0.142857 1.26531 -1.65917e+30
0.163265 1.26531 1.0442e+30
0.183673 1.26531 -5.93924e+29
0.204082 1.26531 3.05824e+29
0.22449 1.26531 -1.42621e+29
0.244898 1.26531 6.02021e+28
0.265306 1.26531 -2.29688e+28
0.285714 1.26531 7.90327e+27
0.306122 1.26531 -2.44522e+27
0.326531 1.26531 6.77649e+26
0.346939 1.26531 -1.67411e+26
0.367347 1.26531 3.66498e+25
0.387755 1.26531 -7.05776e+24
0.408163 1.26531 1.18461e+24
0.428571 1.26531 -1.71295e+23
0.44898 1.26531 2.1021e+22
0.469388 1.26531 -2.14608e+21
0.489796 1.26531 1.77326e+20
0.510204 1.26531 -1.13912e+19
0.530612 1.26531 5.33658e+17
0.55102 1.26531 -1.62159e+16
0.571429 1.26531 2.39825e+14
0.591837 1.26531 0
0.612245 1.26531 0
0.632653 1.26531 0
0.653061 1.26531 0
0.673469 1.26531 0
0.693878 1.26531 0
0.714286 1.26531 0
0.734694 1.26531 0
0.755102 1.26531 0
0.77551 1.26531 0
0.795918 1.26531 0
0.816327 1.26531 0
0.836735 1.26531 0
0.857143 1.26531 0
0.877551 1.26531 0
0.897959 1.26531 0
0.918367 1.26531 0
0.938776 1.26531 0
0.959184 1.26531 0
0.979592 1.26531 0
1 1.26531 0
0 1.30612 -2.66033e+30
0.0204082 1.30612 -2.3996e+31
0.0408163 1.30612 4.54302e+31
0.0612245 1.30612 -5.76571e+31
0.0816327 1.30612 5.97025e+31
0.102041 1.30612 -5.34433e+31
0.122449 1.30612 4.23916e+31
0.142857 1.30612 -3.01694e+31
0.163265 1.30612 1.9396e+31
0.183673 1.30612 -1.13071e+31
0.204082 1.30612 5.98835e+30
0.22449 1.30612 -2.88309e+30
0.244898 1.30612 1.26146e+30
0.265306 1.30612 -5.01046e+29
0.285714 1.30612 1.80341e+29
0.306122 1.30612 -5.86744e+28
0.326531 1.30612 1.72007e+28
0.346939 1.30612 -4.52525e+27
0.367347 1.30612 1.06315e+27
0.387755 1.30612 -2.21701e+26
0.408163 1.30612 4.07299e+25
0.428571 1.30612 -6.53132e+24
0.44898 1.30612 9.03532e+23
0.469388 1.30612 -1.06216e+23
0.489796 1.30612 1.04006e+22
0.510204 1.30612 -8.25228e+20
0.530612 1.30612 5.09624e+19
0.55102 1.30612 -2.29769e+18
0.571429 1.30612 6.72617e+16
0.591837 1.30612 -9.59301e+14
0.612245 1.30612 0
0.632653 1.30612 0
0.653061 1.30612 0
0.673469 1.30612 0
0.693878 1.30612 0
0.714286 1.30612 0
0.734694 1.30612 0
0.755102 1.30612 0
0.77551 1.30612 0
0.795918 1.30612 0
0.816327 1.30612 0
0.836735 1.30612 0
0.857143 1.30612 0
0.877551 1.30612 0
0.897959 1.30612 0
0.918367 1.30612 0
0.938776 1.30612 0
0.959184 1.30612 0
0.979592 1.30612 0
1 1.30612 0
0 1.34694 -4.53317e+31
0.0204082 1.34694 -4.09552e+32
0.0408163 1.34694 7.7811e+32
0.0612245 1.34694 -9.93571e+32
0.0816327 1.34694 1.03781e+33
0.102041 1.34694 -9.39616e+32
0.122449 1.34694 7.55877e+32
0.142857 1.34694 -5.47108e+32
0.163265 1.34694 3.58776e+32
0.183673 1.34694 -2.1399e+32
0.204082 1.34694 1.16327e+32
0.22449 1.34694 -5.76826e+31
0.244898 1.34694 2.6089e+31
0.265306 1.34694 -1.0754e+31
0.285714 1.34694 4.03419e+30
0.306122 1.34694 -1.37441e+30
0.326531 1.34694 4.24115e+29
0.346939 1.34694 -1.18138e+29
0.367347 1.34694 2.95822e+28
0.387755 1.34694 -6.62541e+27
0.408163 1.34694 1.31903e+27
0.428571 1.34694 -2.31675e+26
0.44898 1.34694 3.55644e+25
0.469388 1.34694 -4.71574e+24
0.489796 1.34694 5.31994e+23
0.510204 1.34694 -5.00473e+22
0.530612 1.34694 3.81919e+21
0.55102 1.34694 -2.27079e+20
0.571429 1.34694 9.86696e+18
0.591837 1.34694 -2.7864e+17
0.612245 1.34694 3.83721e+15
0.632653 1.34694 0
0.653061 1.34694 0
0.673469 1.34694 0
0.693878 1.34694 0
0.714286 1.34694 0
0.734694 1.34694 0
0.755102 1.34694 0
0.77551 1.34694 0
0.795918 1.34694 0
0.816327 1.34694 0
0.836735 1.34694 0
0.857143 1.34694 0
0.877551 1.34694 0
0.897959 1.34694 0
0.918367 1.34694 0
0.938776 1.34694 0
0.959184 1.34694 0
0.979592 1.34694 0
1 1.34694 0
0 1.38776 -7.73772e+32
0.0204082 1.38776 -7.00128e+33
0.0408163 1.38776 1.33456e+34
0.0612245 1.38776 -1.71386e+34
0.0816327 1.38776 1.8048e+34
0.102041 1.38776 -1.65148e+34
0.122449 1.38776 1.34612e+34
0.142857 1.38776 -9.89814e+33
0.163265 1.38776 6.61192e+33
0.183673 1.38776 -4.02855e+33
0.204082 1.38776 2.24375e+33
0.22449 1.38776 -1.14351e+33
0.244898 1.38776 5.33336e+32
0.265306 1.38776 -2.27518e+32
0.285714 1.38776 8.86709e+31
0.306122 1.38776 -3.15174e+31
0.326531 1.38776 1.01938e+31
0.346939 1.38776 -2.99157e+30
0.367347 1.38776 7.93798e+29
0.387755 1.38776 -1.89635e+29
0.408163 1.38776 4.05776e+28
0.428571 1.38776 -7.72858e+27
0.44898 1.38776 1.3003e+27
0.469388 1.38776 -1.91437e+26
0.489796 1.38776 2.43727e+25
0.510204 1.38776 -2.6429e+24
0.530612 1.38776 2.39238e+23
0.55102 1.38776 -1.75847e+22
0.571429 1.38776 1.00803e+21
0.591837 1.38776 -4.22686e+19
0.612245 1.38776 1.15293e+18
0.632653 1.38776 -1.53488e+16
0.653061 1.38776 0
0.673469 1.38776 0
0.693878 1.38776 0
0.714286 1.38776 0
0.734694 1.38776 0
0.755102 1.38776 0
0.77551 1.38776 0
0.795918 1.38776 0
0.816327 1.38776 0
0.836735 1.38776 0
0.857143 1.38776 0
0.877551 1.38776 0
0.897959 1.38776 0
0.918367 1.38776 0
0.938776 1.38776 0
0.959184 1.38776 0
0.979592 1.38776 0
1 1.38776 0
0 1.42857 -1.32288e+34
0.0204082 1.42857 -1.19868e+35
0.0408163 1.42857 2.29194e+35
0.0612245 1.42857 -2.95913e+35
0.0816327 1.42857 3.14001e+35
0.102041 1.42857 -2.90197e+35
0.122449 1.42857 2.39471e+35
0.142857 1.42857 -1.78702e+35
0.163265 1.42857 1.21452e+35
0.183673 1.42857 -7.54856e+34
0.204082 1.42857 4.30051e+34
0.22449 1.42857 -2.24838e+34
0.244898 1.42857 1.07906e+34
0.265306 1.42857 -4.75216e+33
0.285714 1.42857 1.91872e+33
0.306122 1.42857 -7.09229e+32
0.326531 1.42857 2.39542e+32
0.346939 1.42857 -7.37463e+31
0.367347 1.42857 2.06329e+31
0.387755 1.42857 -5.22717e+30
0.408163 1.42857 1.1939e+30
0.428571 1.42857 -2.44565e+29
0.44898 1.42857 4.46474e+28
0.469388 1.42857 -7.20834e+27
0.489796 1.42857 1.01951e+27
0.510204 1.42857 -1.24827e+26
0.530612 1.42857 1.30305e+25
0.55102 1.42857 -1.1366e+24
0.571429 1.42857 8.05783e+22
0.591837 1.42857 -4.45914e+21
0.612245 1.42857 1.80661e+20
0.632653 1.42857 -4.7652e+18
0.653061 1.42857 6.13953e+16
0.673469 1.42857 0
0.693878 1.42857 0
0.714286 1.42857 0
0.734694 1.42857 0
0.755102 1.42857 0
0.77551 1.42857 0
0.795918 1.42857 0
0.816327 1.42857 0
0.836735 1.42857 0
0.857143 1.42857 0
0.877551 1.42857 0
0.897959 1.42857 0
0.918367 1.42857 0
0.938776 1.42857 0
0.959184 1.42857 0
0.979592 1.42857 0
1 1.42857 0
0 1.46939 -2.26506e+35
0.0204082 1.46939 -2.05514e+36
0.0408163 1.46939 3.94097e+36
0.0612245 1.46939 -5.11384e+36
0.0816327 1.46939 5.46545e+36
0.102041 1.46939 -5.09851e+36
0.122449 1.46939 4.2562e+36
0.142857 1.46939 -3.22036e+36
0.163265 1.46939 2.22437e+36
0.183673 1.46939 -1.40849e+36
0.204082 1.46939 8.19602e+35
0.22449 1.46939 -4.38838e+35
0.244898 1.46939 2.163e+35
0.265306 1.46939 -9.8125e+34
0.285714 1.46939 4.09419e+34
0.306122 1.46939 -1.56932e+34
0.326531 1.46939 5.51695e+33
0.346939 1.46939 -1.77513e+33
0.367347 1.46939 5.21419e+32
0.387755 1.46939 -1.39387e+32
0.408163 1.46939 3.37851e+31
0.428571 1.46939 -7.39209e+30
0.44898 1.46939 1.45226e+30
0.469388 1.46939 -2.5456e+29
0.489796 1.46939 3.95034e+28
0.510204 1.46939 -5.3758e+27
0.530612 1.46939 6.33919e+26
0.55102 1.46939 -6.37927e+25
0.571429 1.46939 5.36902e+24
0.591837 1.46939 -3.67584e+23
0.612245 1.46939 1.9661e+22
0.632653 1.46939 -7.70523e+20
0.653061 1.46939 1.96747e+19
0.673469 1.46939 -2.45581e+17
0.693878 1.46939 0
0.714286 1.46939 0
0.734694 1.46939 0
0.755102 1.46939 0
0.77551 1.46939 0
0.795918 1.46939 0
0.816327 1.46939 0
0.836735 1.46939 0
0.857143 1.46939 0
0.877551 1.46939 0
0.897959 1.46939 0
0.918367 1.46939 0
0.938776 1.46939 0
0.959184 1.46939 0
0.979592 1.46939 0
1 1.46939 0
0 1.5102 -3.88377e+36
0.0204082 1.5102 -3.52826e+37
0.0408163 1.5102 6.78436e+37
0.0612245 1.5102 -8.8452e+37
0.0816327 1.5102 9.51733e+37
0.102041 1.5102 -8.95668e+37
0.122449 1.5102 7.55864e+37
0.142857 1.5102 -5.7939e+37
0.163265 1.5102 4.06325e+37
0.183673 1.5102 -2.61823e+37
0.204082 1.5102 1.55408e+37
0.22449 1.5102 -8.50875e+36
0.244898 1.5102 4.29973e+36
0.265306 1.5102 -2.00534e+36
0.285714 1.5102 8.62727e+35
0.306122 1.5102 -3.42043e+35
0.326531 1.5102 1.24799e+35
0.346939 1.5102 -4.183e+34
0.367347 1.5102 1.28514e+34
0.387755 1.5102 -3.60942e+33
0.408163 1.5102 9.23767e+32
0.428571 1.5102 -2.14625e+32
0.44898 1.5102 4.50645e+31
0.469388 1.5102 -8.50545e+30
0.489796 1.5102 1.43376e+30
0.510204 1.5102 -2.14182e+29
0.530612 1.5102 2.80845e+28
0.55102 1.5102 -3.19394e+27
0.571429 1.5102 3.1025e+26
0.591837 1.5102 -2.5226e+25
0.612245 1.5102 1.66984e+24
0.632653 1.5102 -8.64228e+22
0.653061 1.5102 3.27975e+21
0.673469 1.5102 -8.11545e+19
0.693878 1.5102 9.82325e+17
0.714286 1.5102 0
0.734694 1.5102 0
0.755102 1.5102 0
0.77551 1.5102 0
0.795918 1.5102 0
0.816327 1.5102 0
0.836735 1.5102 0
0.857143 1.5102 0
0.877551 1.5102 0
0.897959 1.5102 0
0.918367 1.5102 0
0.938776 1.5102 0
0.959184 1.5102 0
0.979592 1.5102 0
1 1.5102 0
0 1.55102 -6.66814e+37
0.0204082 1.55102 -6.06493e+38
0.0408163 1.55102 1.16921e+39
0.0612245 1.55102 -1.53119e+39
0.0816327 1.55102 1.65805e+39
0.102041 1.55102 -1.57335e+39
0.122449 1.55102 1.34143e+39
0.142857 1.55102 -1.0409e+39
0.163265 1.55102 7.40491e+38
0.183673 1.55102 -4.85052e+38
0.204082 1.55102 2.93322e+38
0.22449 1.55102 -1.63996e+38
0.244898 1.55102 8.48309e+37
0.265306 1.55102 -4.06025e+37
0.285714 1.55102 1.79749e+37
0.306122 1.55102 -7.35453e+36
0.326531 1.55102 2.77787e+36
0.346939 1.55102 -9.67101e+35
0.367347 1.55102 3.09744e+35
0.387755 1.55102 -9.10542e+34
0.408163 1.55102 2.44999e+34
0.428571 1.55102 -6.01415e+33
0.44898 1.55102 1.34171e+33
0.469388 1.55102 -2.70793e+32
0.489796 1.55102 4.91766e+31
0.510204 1.55102 -7.98381e+30
0.530612 1.55102 1.14972e+30
0.55102 1.55102 -1.45454e+29
0.571429 1.55102 1.59737e+28
0.591837 1.55102 -1.49957e+27
0.612245 1.55102 1.17928e+26
0.632653 1.55102 -7.5559e+24
0.653061 1.55102 3.78792e+23
0.673469 1.55102 -1.39342e+22
0.693878 1.55102 3.3444e+20
0.714286 1.55102 -3.9293e+18
0.734694 1.55102 0
0.755102 1.55102 0
0.77551 1.55102 0
0.795918 1.55102 0
0.816327 1.55102 0
0.836735 1.55102 0
0.857143 1.55102 0
0.877551 1.55102 0
0.897959 1.55102 0
0.918367 1.55102 0
0.938776 1.55102 0
0.959184 1.55102 0
0.979592 1.55102 0
1 1.55102 0
0 1.59184 -1.14631e+39
0.0204082 1.59184 -1.04378e+40
0.0408163 1.59184 2.01712e+40
0.0612245 1.59184 -2.65277e+40
0.0816327 1.59184 2.88985e+40
0.102041 1.59184 -2.76373e+40
0.122449 1.59184 2.3792e+40
0.142857 1.59184 -1.86761e+40
0.163265 1.59184 1.34664e+40
0.183673 1.59184 -8.95856e+39
0.204082 1.59184 5.51331e+39
0.22449 1.59184 -3.14378e+39
0.244898 1.59184 1.66228e+39
0.265306 1.59184 -8.15189e+38
0.285714 1.59184 3.70694e+38
0.306122 1.59184 -1.56207e+38
0.326531 1.59184 6.09383e+37
0.346939 1.59184 -2.19791e+37
0.367347 1.59184 7.31707e+36
0.387755 1.59184 -2.24388e+36
0.408163 1.59184 6.32343e+35
0.428571 1.59184 -1.63292e+35
0.44898 1.59184 3.85117e+34
0.469388 1.59184 -8.26296e+33
0.489796 1.59184 1.60544e+33
0.510204 1.59184 -2.80929e+32
0.530612 1.59184 4.39861e+31
0.55102 1.59184 -6.1141e+30
0.571429 1.59184 7.47241e+29
0.591837 1.59184 -7.93368e+28
0.612245 1.59184 7.20606e+27
0.632653 1.59184 -5.48696e+26
0.653061 1.59184 3.40637e+25
0.673469 1.59184 -1.65576e+24
0.693878 1.59184 5.90955e+22
0.714286 1.59184 -1.37705e+21
0.734694 1.59184 1.57172e+19
0.755102 1.59184 0
0.77551 1.59184 0
0.795918 1.59184 0
0.816327 1.59184 0
0.836735 1.59184 0
0.857143 1.59184 0
0.877551 1.59184 0
0.897959 1.59184 0
0.918367 1.59184 0
0.938776 1.59184 0
0.959184 1.59184 0
0.979592 1.59184 0
1 1.59184 0
0 1.63265 -1.97292e+40
0.0204082 1.63265 -1.79836e+41
0.0408163 1.63265 3.4834e+41
0.0612245 1.63265 -4.59941e+41
0.0816327 1.63265 5.039e+41
0.102041 1.63265 -4.85482e+41
0.122449 1.63265 4.21768e+41
0.142857 1.63265 -3.34706e+41
0.163265 1.63265 2.4443e+41
0.183673 1.63265 -1.65e+41
0.204082 1.63265 1.03239e+41
0.22449 1.63265 -5.99708e+40
0.244898 1.63265 3.23713e+40
0.265306 1.63265 -1.62421e+40
0.285714 1.63265 7.57414e+39
0.306122 1.63265 -3.28111e+39
0.326531 1.63265 1.31931e+39
0.346939 1.63265 -4.91832e+38
0.367347 1.63265 1.69749e+38
0.387755 1.63265 -5.41447e+37
0.408163 1.63265 1.59275e+37
0.428571 1.63265 -4.31031e+36
0.44898 1.63265 1.06999e+36
0.469388 1.63265 -2.42827e+35
0.489796 1.63265 5.01808e+34
0.510204 1.63265 -9.399e+33
0.530612 1.63265 1.58688e+33
0.55102 1.63265 -2.39928e+32
0.571429 1.63265 3.22301e+31
0.591837 1.63265 -3.80964e+30
0.612245 1.63265 3.91482e+29
0.632653 1.63265 -3.44396e+28
0.653061 1.63265 2.54165e+27
0.673469 1.63265 -1.53034e+26
0.693878 1.63265 7.21909e+24
0.714286 1.63265 -2.5021e+23
0.734694 1.63265 5.66535e+21
0.755102 1.63265 -6.28688e+19
0.77551 1.63265 0
0.795918 1.63265 0
0.816327 1.63265 0
0.836735 1.63265 0
0.857143 1.63265 0
0.877551 1.63265 0
0.897959 1.63265 0
0.918367 1.63265 0
0.938776 1.63265 0
0.959184 1.63265 0
0.979592 1.63265 0
1 1.63265 0
0 1.67347 -3.39944e+41
0.0204082 1.67347 -3.10177e+42
0.0408163 1.67347 6.0212e+42
0.0612245 1.67347 -7.98039e+42
0.0816327 1.67347 8.79026e+42
0.102041 1.67347 -8.52845e+42
0.122449 1.67347 7.47349e+42
0.142857 1.67347 -5.99233e+42
0.163265 1.67347 4.42909e+42
0.183673 1.67347 -3.03136e+42
0.204082 1.67347 1.92656e+42
0.22449 1.67347 -1.1389e+42
0.244898 1.67347 6.26854e+41
0.265306 1.67347 -3.21366e+41
0.285714 1.67347 1.53455e+41
0.306122 1.67347 -6.82256e+40
0.326531 1.67347 2.82229e+40
0.346939 1.67347 -1.08523e+40
0.367347 1.67347 3.87401e+39
0.387755 1.67347 -1.28189e+39
0.408163 1.67347 3.92459e+38
0.428571 1.67347 -1.10929e+38
0.44898 1.67347 2.88739e+37
0.469388 1.67347 -6.90071e+36
0.489796 1.67347 1.50911e+36
0.510204 1.67347 -3.0078e+35
0.530612 1.67347 5.43805e+34
0.55102 1.67347 -8.86961e+33
0.571429 1.67347 1.2965e+33
0.591837 1.67347 -1.68502e+32
0.612245 1.67347 1.92838e+31
0.632653 1.67347 -1.91993e+30
0.653061 1.67347 1.63752e+29
0.673469 1.67347 -1.1724e+28
0.693878 1.67347 6.85261e+26
0.714286 1.67347 -3.13995e+25
0.734694 1.67347 1.05772e+24
0.755102 1.67347 -2.329e+22
0.77551 1.67347 2.51475e+20
0.795918 1.67347 0
0.816327 1.67347 0
0.836735 1.67347 0
0.857143 1.67347 0
0.877551 1.67347 0
0.897959 1.67347 0
0.918367 1.67347 0
0.938776 1.67347 0
0.959184 1.67347 0
0.979592 1.67347 0
1 1.67347 0
0 1.71429 -5.8636e+42
0.0204082 1.71429 -5.35527e+43
0.0408163 1.71429 1.04173e+44
0.0612245 1.71429 -1.38565e+44
0.0816327 1.71429 1.53407e+44
0.102041 1.71429 -1.49829e+44
0.122449 1.71429 1.32376e+44
0.142857 1.71429 -1.07184e+44
0.163265 1.71429 8.01309e+43
0.183673 1.71429 -5.55648e+43
0.204082 1.71429 3.58397e+43
0.22449 1.71429 -2.15407e+43
0.244898 1.71429 1.20763e+43
0.265306 1.71429 -6.31824e+42
0.285714 1.71429 3.08517e+42
0.306122 1.71429 -1.40562e+42
0.326531 1.71429 5.972e+41
0.346939 1.71429 -2.36412e+41
0.367347 1.71429 8.71052e+40
0.387755 1.71429 -2.98302e+40
0.408163 1.71429 9.47986e+39
0.428571 1.71429 -2.7903e+39
0.44898 1.71429 7.58986e+38
0.469388 1.71429 -1.90296e+38
0.489796 1.71429 4.38468e+37
0.510204 1.71429 -9.25235e+36
0.530612 1.71429 1.78081e+36
0.55102 1.71429 -3.11164e+35
0.571429 1.71429 4.9085e+34
0.591837 1.71429 -6.94432e+33
0.612245 1.71429 8.7413e+32
0.632653 1.71429 -9.69542e+31
0.653061 1.71429 9.36148e+30
0.673469 1.71429 -7.74826e+29
0.693878 1.71429 5.38664e+28
0.714286 1.71429 -3.05898e+27
0.734694 1.71429 1.36261e+26
0.755102 1.71429 -4.46469e+24
0.77551 1.71429 9.56743e+22
0.795918 1.71429 -1.0059e+21
0.816327 1.71429 0
0.836735 1.71429 0
0.857143 1.71429 0
0.877551 1.71429 0
0.897959 1.71429 0
0.918367 1.71429 0
0.938776 1.71429 0
0.959184 1.71429 0
0.979592 1.71429 0
1 1.71429 0
0 1.7551 -1.01242e+44
0.0204082 1.7551 -9.25484e+44
0.0408163 1.7551 1.80384e+45
0.0612245 1.7551 -2.40755e+45
0.0816327 1.7551 2.6784e+45
0.102041 1.7551 -2.63247e+45
0.122449 1.7551 2.34398e+45
0.142857 1.7551 -1.9156e+45
0.163265 1.7551 1.44769e+45
0.183673 1.7551 -1.01638e+45
0.204082 1.7551 6.64823e+44
0.22449 1.7551 -4.05895e+44
0.244898 1.7551 2.31554e+44
0.265306 1.7551 -1.23499e+44
0.285714 1.7551 6.15903e+43
0.306122 1.7551 -2.87162e+43
0.326531 1.7551 1.25115e+43
0.346939 1.7551 -5.09035e+42
0.367347 1.7551 1.93211e+42
0.387755 1.7551 -6.83351e+41
0.408163 1.7551 2.24886e+41
0.428571 1.7551 -6.8747e+40
0.44898 1.7551 1.94833e+40
0.469388 1.7551 -5.10739e+39
0.489796 1.7551 1.23515e+39
0.510204 1.7551 -2.74733e+38
0.530612 1.7551 5.60078e+37
0.55102 1.7551 -1.04223e+37
0.571429 1.7551 1.76198e+36
0.591837 1.7551 -2.6911e+35
0.612245 1.7551 3.68868e+34
0.632653 1.7551 -4.50154e+33
0.653061 1.7551 4.84361e+32
0.673469 1.7551 -4.53973e+31
0.693878 1.7551 3.64947e+30
0.714286 1.7551 -2.46566e+29
0.734694 1.7551 1.36152e+28
0.755102 1.7551 -5.90045e+26
0.77551 1.7551 1.88191e+25
0.795918 1.7551 -3.92754e+23
0.816327 1.7551 4.0236e+21
0.836735 1.7551 0
0.857143 1.7551 0
0.877551 1.7551 0
0.897959 1.7551 0
0.918367 1.7551 0
0.938776 1.7551 0
0.959184 1.7551 0
0.979592 1.7551 0
1 1.7551 0
0 1.79592 -1.74973e+45
0.0204082 1.79592 -1.60086e+46
0.0408163 1.79592 3.12605e+46
0.0612245 1.79592 -4.18583e+46
0.0816327 1.79592 4.67825e+46
0.102041 1.79592 -4.62568e+46
0.122449 1.79592 4.14933e+46
0.142857 1.79592 -3.42106e+46
0.163265 1.79592 2.61213e+46
0.183673 1.79592 -1.85561e+46
0.204082 1.79592 1.23002e+46
0.22449 1.79592 -7.62222e+45
0.244898 1.79592 4.42069e+45
0.265306 1.79592 -2.40108e+45
0.285714 1.79592 1.22161e+45
0.306122 1.79592 -5.82137e+44
0.326531 1.79592 2.59734e+44
0.346939 1.79592 -1.08438e+44
0.367347 1.79592 4.23279e+43
0.387755 1.79592 -1.54314e+43
0.408163 1.79592 5.24772e+42
0.428571 1.79592 -1.66215e+42
0.44898 1.79592 4.8949e+41
0.469388 1.79592 -1.33757e+41
0.489796 1.79592 3.38362e+40
0.510204 1.79592 -7.90272e+39
0.530612 1.79592 1.69892e+39
0.55102 1.79592 -3.34991e+38
0.571429 1.79592 6.03363e+37
0.591837 1.79592 -9.87956e+36
0.612245 1.79592 1.46243e+36
0.632653 1.79592 -1.94401e+35
0.653061 1.79592 2.30217e+34
0.673469 1.79592 -2.40521e+33
0.693878 1.79592 2.19013e+32
0.714286 1.79592 -1.71147e+31
0.734694 1.79592 1.12462e+30
0.755102 1.79592 -6.04311e+28
0.77551 1.79592 2.54981e+27
0.795918 1.79592 -7.92183e+25
0.816327 1.79592 1.61124e+24
0.836735 1.79592 -1.60944e+22
0.857143 1.79592 0
0.877551 1.79592 0
0.897959 1.79592 0
0.918367 1.79592 0
0.938776 1.79592 0
0.959184 1.79592 0
0.979592 1.79592 0
1 1.79592 0
0 1.83673 -3.02675e+46
0.0204082 1.83673 -2.77151e+47
0.0408163 1.83673 5.42167e+47
0.0612245 1.83673 -7.28215e+47
0.0816327 1.83673 8.17465e+47
0.102041 1.83673 -8.12905e+47
0.122449 1.83673 7.34346e+47
0.142857 1.83673 -6.10563e+47
0.163265 1.83673 4.70771e+47
0.183673 1.83673 -3.38191e+47
0.204082 1.83673 2.27027e+47
0.22449 1.83673 -1.42687e+47
0.244898 1.83673 8.40618e+46
0.265306 1.83673 -4.64534e+46
0.285714 1.83673 2.4086e+46
0.306122 1.83673 -1.17175e+46
0.326531 1.83673 5.34694e+45
0.346939 1.83673 -2.28748e+45
0.367347 1.83673 9.16806e+44
0.387755 1.83673 -3.43928e+44
0.408163 1.83673 1.20625e+44
0.428571 1.83673 -3.95014e+43
0.44898 1.83673 1.2059e+43
0.469388 1.83673 -3.42577e+42
0.489796 1.83673 9.03766e+41
0.510204 1.83673 -2.20893e+41
0.530612 1.83673 4.9884e+40
0.55102 1.83673 -1.03765e+40
0.571429 1.83673 1.98107e+39
0.591837 1.83673 -3.45719e+38
0.612245 1.83673 5.48828e+37
0.632653 1.83673 -7.88122e+36
0.653061 1.83673 1.01694e+36
0.673469 1.83673 -1.16968e+35
0.693878 1.83673 1.18756e+34
0.714286 1.83673 -1.05143e+33
0.734694 1.83673 7.99315e+31
0.755102 1.83673 -5.11231e+30
0.77551 1.83673 2.67516e+29
0.795918 1.83673 -1.09973e+28
0.816327 1.83673 3.33043e+26
0.836735 1.83673 -6.60588e+24
0.857143 1.83673 6.43776e+22
0.877551 1.83673 0
0.897959 1.83673 0
0.918367 1.83673 0
0.938776 1.83673 0
0.959184 1.83673 0
0.979592 1.83673 0
1 1.83673 0
0 1.87755 -5.24034e+47
0.0204082 1.87755 -4.80218e+48
0.0408163 1.87755 9.41011e+48
0.0612245 1.87755 -1.26765e+49
0.0816327 1.87755 1.42899e+49
0.102041 1.87755 -1.42877e+49
0.122449 1.87755 1.29938e+49
0.142857 1.87755 -1.08903e+49
0.163265 1.87755 8.4755e+48
0.183673 1.87755 -6.15382e+48
0.204082 1.87755 4.18104e+48
0.22449 1.87755 -2.66336e+48
0.244898 1.87755 1.59263e+48
0.265306 1.87755 -8.94663e+47
0.285714 1.87755 4.72295e+47
0.306122 1.87755 -2.34314e+47
0.326531 1.87755 1.09225e+47
0.346939 1.87755 -4.78199e+46
0.367347 1.87755 1.96509e+46
0.387755 1.87755 -7.57347e+45
0.408163 1.87755 2.7347e+45
0.428571 1.87755 -9.24084e+44
0.44898 1.87755 2.91808e+44
0.469388 1.87755 -8.59749e+43
0.489796 1.87755 2.35905e+43
0.510204 1.87755 -6.01562e+42
0.530612 1.87755 1.42222e+42
0.55102 1.87755 -3.10889e+41
0.571429 1.87755 6.26389e+40
0.591837 1.87755 -1.15911e+40
0.612245 1.87755 1.96175e+39
0.632653 1.87755 -3.02213e+38
0.653061 1.87755 4.21386e+37
0.673469 1.87755 -5.28247e+36
0.693878 1.87755 5.90603e+35
0.714286 1.87755 -5.8318e+34
0.734694 1.87755 5.02426e+33
0.755102 1.87755 -3.71851e+32
0.77551 1.87755 2.31654e+31
0.795918 1.87755 -1.18127e+30
0.816327 1.87755 4.73439e+28
0.836735 1.87755 -1.39846e+27
0.857143 1.87755 2.70672e+25
0.877551 1.87755 -2.57511e+23
0.897959 1.87755 0
0.918367 1.87755 0
0.938776 1.87755 0
0.959184 1.87755 0
0.979592 1.87755 0
1 1.87755 0
0 1.91837 -9.08032e+48
0.0204082 1.91837 -8.3273e+49
0.0408163 1.91837 1.63443e+50
0.0612245 1.91837 -2.20797e+50
0.0816327 1.91837 2.49895e+50
0.102041 1.91837 -2.51158e+50
0.122449 1.91837 2.29881e+50
0.142857 1.91837 -1.94143e+50
0.163265 1.91837 1.52441e+50
0.183673 1.91837 -1.11813e+50
0.204082 1.91837 7.68441e+49
0.22449 1.91837 -4.9581e+49
0.244898 1.91837 3.00719e+49
0.265306 1.91837 -1.71587e+49
0.285714 1.91837 9.21425e+48
0.306122 1.91837 -4.65728e+48
0.326531 1.91837 2.21536e+48
0.346939 1.91837 -9.91389e+47
0.367347 1.91837 4.17157e+47
0.387755 1.91837 -1.64931e+47
0.408163 1.91837 6.1216e+46
0.428571 1.91837 -2.13072e+46
0.44898 1.91837 6.94624e+45
0.469388 1.91837 -2.11792e+45
0.489796 1.91837 6.02963e+44
0.510204 1.91837 -1.59986e+44
0.530612 1.91837 3.94783e+43
0.55102 1.91837 -9.03792e+42
0.571429 1.91837 1.91432e+42
0.591837 1.91837 -3.73965e+41
0.612245 1.91837 6.7135e+40
0.632653 1.91837 -1.10297e+40
0.653061 1.91837 1.65033e+39
0.673469 1.91837 -2.2362e+38
0.693878 1.91837 2.72567e+37
0.714286 1.91837 -2.96457e+36
0.734694 1.91837 2.84916e+35
0.755102 1.91837 -2.39025e+34
0.77551 1.91837 1.72348e+33
0.795918 1.91837 -1.0465e+32
0.816327 1.91837 5.20368e+30
0.836735 1.91837 -2.03458e+29
0.857143 1.91837 5.86539e+27
0.877551 1.91837 -1.10843e+26
0.897959 1.91837 1.03004e+24
0.918367 1.91837 0
0.938776 1.91837 0
0.959184 1.91837 0
0.979592 1.91837 0
1 1.91837 0
0 1.95918 -1.57466e+50
0.0204082 1.95918 -1.4451e+51
0.0408163 1.95918 2.84077e+51
0.0612245 1.95918 -3.84795e+51
0.0816327 1.95918 4.37172e+51
0.102041 1.95918 -4.41567e+51
0.122449 1.95918 4.06639e+51
0.142857 1.95918 -3.45933e+51
0.163265 1.95918 2.7394e+51
0.183673 1.95918 -2.02888e+51
0.204082 1.95918 1.40969e+51
0.22449 1.95918 -9.20726e+50
0.244898 1.95918 5.6604e+50
0.265306 1.95918 -3.27815e+50
0.285714 1.95918 1.78924e+50
0.306122 1.95918 -9.20526e+49
0.326531 1.95918 4.46374e+49
0.346939 1.95918 -2.03955e+49
0.367347 1.95918 8.77701e+48
0.387755 1.95918 -3.55517e+48
0.408163 1.95918 1.35436e+48
0.428571 1.95918 -4.84794e+47
0.44898 1.95918 1.62871e+47
0.469388 1.95918 -5.129e+46
0.489796 1.95918 1.51176e+46
0.510204 1.95918 -4.16361e+45
0.530612 1.95918 1.06946e+45
0.55102 1.95918 -2.55638e+44
0.571429 1.95918 5.67278e+43
0.591837 1.95918 -1.16538e+43
0.612245 1.95918 2.20935e+42
0.632653 1.95918 -3.85131e+41
0.653061 1.95918 6.14733e+40
0.673469 1.95918 -8.94108e+39
0.693878 1.95918 1.17829e+39
0.714286 1.95918 -1.39751e+38
0.734694 1.95918 1.47977e+37
0.755102 1.95918 -1.38517e+36
0.77551 1.95918 1.13237e+35
0.795918 1.95918 -7.95984e+33
0.816327 1.95918 4.71394e+32
0.836735 1.95918 -2.28709e+31
0.857143 1.95918 8.72889e+29
0.877551 1.95918 -2.45736e+28
0.897959 1.95918 4.53669e+26
0.918367 1.95918 -4.12017e+24
0.938776 1.95918 0
0.959184 1.95918 0
0.979592 1.95918 0
1 1.95918 0
0 2 -2.73274e+51
0.0204082 2 -2.50962e+52
0.0408163 2 4.94072e+52
0.0612245 2 -6.70965e+52
0.0816327 2 7.65085e+52
0.102041 2 -7.76452e+52
0.122449 2 7.1923e+52
0.142857 2 -6.16136e+52
0.163265 2 4.9188e+52
0.183673 2 -3.6769e+52
0.204082 2 2.58157e+52
0.22449 2 -1.7059e+52
0.244898 2 1.06236e+52
0.265306 2 -6.24042e+51
0.285714 2 3.4593e+51
0.306122 2 -1.81003e+51
0.326531 2 8.93918e+50
0.346939 2 -4.1661e+50
0.367347 2 1.83152e+50
0.387755 2 -7.59111e+49
0.408163 2 2.9642e+49
0.428571 2 -1.08955e+49
0.44898 2 3.76609e+48
0.469388 2 -1.22273e+48
0.489796 2 3.72388e+47
0.510204 2 -1.06225e+47
0.530612 2 2.8332e+46
0.55102 2 -7.05206e+45
0.571429 2 1.63452e+45
0.591837 2 -3.5191e+44
0.612245 2 7.01813e+43
0.632653 2 -1.29234e+43
0.653061 2 2.18933e+42
0.673469 2 -3.39787e+41
0.693878 2 4.80779e+40
0.714286 2 -6.16674e+39
0.734694 2 7.12216e+38
0.755102 2 -7.34693e+37
0.77551 2 6.70299e+36
0.795918 2 -5.34314e+35
0.816327 2 3.66386e+34
0.836735 2 -2.11752e+33
0.857143 2 1.00303e+32
0.877551 2 -3.73893e+30
0.897959 2 1.02845e+29
0.918367 2 -1.85587e+27
0.938776 2 1.64807e+25
0.959184 2 0
0.979592 2 0
1 2 0
