0 0
0.00667557 4.5472e-07
0.0133511 1.8188e-06
0.0200267 2.30997e-06
0.0267023 3.86865e-06
0.0333778 6.49527e-06
0.0400534 1.04883e-05
0.046729 1.6374e-05
0.0534045 2.45973e-05
0.0600801 3.53727e-05
0.0667557 4.87811e-05
0.0734312 6.49389e-05
0.0801068 8.40726e-05
0.0867824 0.000106495
0.0934579 0.000132573
0.100134 0.000162713
0.106809 0.000197337
0.113485 0.000236821
0.12016 0.000281432
0.126836 0.000331348
0.133511 0.000386723
0.140187 0.000447756
0.146862 0.000514718
0.153538 0.000587942
0.160214 0.000667802
0.166889 0.000754684
0.173565 0.000848951
0.18024 0.000950894
0.186916 0.00106073
0.193591 0.00117862
0.200267 0.00130476
0.206943 0.00143938
0.213618 0.00158277
0.220294 0.00173528
0.226969 0.00189726
0.233645 0.00206906
0.24032 0.00225098
0.246996 0.00244325
0.253672 0.00264606
0.260347 0.00285957
0.267023 0.003084
0.273698 0.00331958
0.280374 0.00356664
0.287049 0.00382548
0.293725 0.00409644
0.300401 0.00437982
0.307076 0.00467586
0.313752 0.00498475
0.320427 0.00530664
0.327103 0.00564171
0.333778 0.00599018
0.340454 0.00635231
0.34713 0.00672838
0.353805 0.0071187
0.360481 0.00752355
0.367156 0.00794318
0.373832 0.00837777
0.380507 0.00882747
0.387183 0.00929243
0.393858 0.00977283
0.400534 0.0102689
0.40721 0.0107808
0.413885 0.011309
0.420561 0.0118535
0.427236 0.0124148
0.433912 0.0129928
0.440587 0.0135879
0.447263 0.0142001
0.453939 0.0148296
0.460614 0.0154764
0.46729 0.0161409
0.473965 0.0168233
0.480641 0.0175238
0.487316 0.0182426
0.493992 0.0189798
0.500668 0.0197357
0.507343 0.0205103
0.514019 0.0213038
0.520694 0.0221162
0.52737 0.0229476
0.534045 0.0237984
0.540721 0.0246687
0.547397 0.0255587
0.554072 0.0264685
0.560748 0.0273983
0.567423 0.0283481
0.574099 0.0293181
0.580774 0.0303082
0.58745 0.0313186
0.594126 0.0323495
0.600801 0.0334011
0.607477 0.0344733
0.614152 0.0355665
0.620828 0.0366807
0.627503 0.037816
0.634179 0.0389723
0.640854 0.0401499
0.64753 0.0413486
0.654206 0.0425686
0.660881 0.0438101
0.667557 0.0450731
0.674232 0.0463578
0.680908 0.0476642
0.687583 0.0489924
0.694259 0.0503423
0.700935 0.0517141
0.70761 0.0531076
0.714286 0.0545231
0.720961 0.0559604
0.727637 0.0574198
0.734312 0.0589012
0.740988 0.0604048
0.747664 0.0619305
0.754339 0.0634783
0.761015 0.0650483
0.76769 0.0666404
0.774366 0.0682545
0.781041 0.0698908
0.787717 0.0715491
0.794393 0.0732297
0.801068 0.0749325
0.807744 0.0766574
0.814419 0.0784046
0.821095 0.0801738
0.82777 0.0819651
0.834446 0.0837783
0.841121 0.0856135
0.847797 0.0874707
0.854473 0.0893498
0.861148 0.0912508
0.867824 0.0931738
0.874499 0.0951186
0.881175 0.0970851
0.88785 0.0990733
0.894526 0.101083
0.901202 0.103114
0.907877 0.105167
0.914553 0.107241
0.921228 0.109337
0.927904 0.111453
0.934579 0.113591
0.941255 0.11575
0.947931 0.11793
0.954606 0.120131
0.961282 0.122353
0.967957 0.124595
0.974633 0.126857
0.981308 0.12914
0.987984 0.131444
0.99466 0.133767
1.00134 0.136111
1.00801 0.138474
1.01469 0.140857
1.02136 0.143259
1.02804 0.14568
1.03471 0.14812
1.04139 0.150578
1.04806 0.153054
1.05474 0.155547
1.06142 0.158057
1.06809 0.160583
1.07477 0.163125
1.08144 0.165681
1.08812 0.168251
1.09479 0.170835
1.10147 0.173432
1.10814 0.176041
1.11482 0.178663
1.1215 0.181296
1.12817 0.183942
1.13485 0.186598
1.14152 0.189267
1.1482 0.191947
1.15487 0.194638
1.16155 0.197339
1.16822 0.200052
1.1749 0.202774
1.18158 0.205506
1.18825 0.208247
1.19493 0.210995
1.2016 0.21375
1.20828 0.216512
1.21495 0.219279
1.22163 0.222051
1.2283 0.224828
1.23498 0.227609
1.24166 0.230394
1.24833 0.233184
1.25501 0.235978
1.26168 0.238776
1.26836 0.241578
1.27503 0.244384
1.28171 0.247193
1.28838 0.250005
1.29506 0.252818
1.30174 0.255633
1.30841 0.258447
1.31509 0.26126
1.32176 0.264073
1.32844 0.266883
1.33511 0.269692
1.34179 0.272499
1.34846 0.275305
1.35514 0.278108
1.36182 0.28091
1.36849 0.28371
1.37517 0.286507
1.38184 0.289302
1.38852 0.292092
1.39519 0.294877
1.40187 0.297657
1.40854 0.300431
1.41522 0.303198
1.4219 0.305957
1.42857 0.30871
1.43525 0.311456
1.44192 0.314195
1.4486 0.316928
1.45527 0.319653
1.46195 0.322371
1.46862 0.325081
1.4753 0.327782
1.48198 0.330473
1.48865 0.333154
1.49533 0.335824
1.502 0.338483
1.50868 0.341131
1.51535 0.343767
1.52203 0.346391
1.5287 0.349004
1.53538 0.351606
1.54206 0.354196
1.54873 0.356775
1.55541 0.359341
1.56208 0.361893
1.56876 0.364431
1.57543 0.366955
1.58211 0.369464
1.58879 0.371957
1.59546 0.374435
1.60214 0.376897
1.60881 0.379345
1.61549 0.381777
1.62216 0.384194
1.62884 0.386596
1.63551 0.388982
1.64219 0.39135
1.64887 0.393701
1.65554 0.396034
1.66222 0.398349
1.66889 0.400645
1.67557 0.402922
1.68224 0.405181
1.68892 0.407422
1.69559 0.409645
1.70227 0.411849
1.70895 0.414035
1.71562 0.416201
1.7223 0.418347
1.72897 0.420473
1.73565 0.422577
1.74232 0.424661
1.749 0.426723
1.75567 0.428764
1.76235 0.430785
1.76903 0.432785
1.7757 0.434764
1.78238 0.436721
1.78905 0.438658
1.79573 0.440572
1.8024 0.442464
1.80908 0.444333
1.81575 0.446179
1.82243 0.448001
1.82911 0.4498
1.83578 0.451577
1.84246 0.453331
1.84913 0.455062
1.85581 0.45677
1.86248 0.458455
1.86916 0.460116
1.87583 0.461753
1.88251 0.463366
1.88919 0.464954
1.89586 0.466517
1.90254 0.468056
1.90921 0.46957
1.91589 0.47106
1.92256 0.472527
1.92924 0.473969
1.93591 0.475386
1.94259 0.476779
1.94927 0.478146
1.95594 0.479488
1.96262 0.480804
1.96929 0.482095
1.97597 0.48336
1.98264 0.4846
1.98932 0.485814
1.99599 0.487004
2.00267 0.488169
2.00935 0.489309
2.01602 0.490423
2.0227 0.491512
2.02937 0.492574
2.03605 0.49361
2.04272 0.49462
2.0494 0.495604
2.05607 0.496562
2.06275 0.497495
2.06943 0.498403
2.0761 0.499285
2.08278 0.500142
2.08945 0.500973
2.09613 0.501778
2.1028 0.502556
2.10948 0.503308
2.11615 0.504034
2.12283 0.504735
2.12951 0.50541
2.13618 0.50606
2.14286 0.506685
2.14953 0.507284
2.15621 0.507858
2.16288 0.508407
2.16956 0.50893
2.17623 0.509428
2.18291 0.5099
2.18959 0.510346
2.19626 0.510768
2.20294 0.511165
2.20961 0.511538
2.21629 0.511887
2.22296 0.51221
2.22964 0.51251
2.23632 0.512784
2.24299 0.513034
2.24967 0.513258
2.25634 0.513459
2.26302 0.513635
2.26969 0.513787
2.27637 0.513915
2.28304 0.51402
2.28972 0.514102
2.2964 0.514161
2.30307 0.514196
2.30975 0.514207
2.31642 0.514195
2.3231 0.51416
2.32977 0.514103
2.33645 0.514022
2.34312 0.51392
2.3498 0.513795
2.35648 0.513649
2.36315 0.513481
2.36983 0.513291
2.3765 0.513078
2.38318 0.512845
2.38985 0.512589
2.39653 0.512312
2.4032 0.512014
2.40988 0.511696
2.41656 0.511357
2.42323 0.510998
2.42991 0.51062
2.43658 0.510221
2.44326 0.509803
2.44993 0.509365
2.45661 0.508907
2.46328 0.50843
2.46996 0.507933
2.47664 0.507419
2.48331 0.506885
2.48999 0.506334
2.49666 0.505765
2.50334 0.505178
2.51001 0.504574
2.51669 0.503951
2.52336 0.503311
2.53004 0.502655
2.53672 0.501981
2.54339 0.501291
2.55007 0.500585
2.55674 0.499863
2.56342 0.499126
2.57009 0.498374
2.57677 0.497606
2.58344 0.496823
2.59012 0.496025
2.5968 0.495212
2.60347 0.494385
2.61015 0.493544
2.61682 0.492689
2.6235 0.491821
2.63017 0.49094
2.63685 0.490046
2.64352 0.48914
2.6502 0.488221
2.65688 0.487289
2.66355 0.486346
2.67023 0.485391
2.6769 0.484424
2.68358 0.483447
2.69025 0.482458
2.69693 0.48146
2.7036 0.480451
2.71028 0.479432
2.71696 0.478403
2.72363 0.477365
2.73031 0.476317
2.73698 0.475261
2.74366 0.474196
2.75033 0.473122
2.75701 0.472041
2.76368 0.470952
2.77036 0.469856
2.77704 0.468753
2.78371 0.467642
2.79039 0.466524
2.79706 0.4654
2.80374 0.46427
2.81041 0.463133
2.81709 0.461992
2.82377 0.460845
2.83044 0.459694
2.83712 0.458538
2.84379 0.457378
2.85047 0.456213
2.85714 0.455044
2.86382 0.453872
2.87049 0.452696
2.87717 0.451517
2.88385 0.450335
2.89052 0.449151
2.8972 0.447965
2.90387 0.446777
2.91055 0.445587
2.91722 0.444396
2.9239 0.443204
2.93057 0.442011
2.93725 0.440818
2.94393 0.439624
2.9506 0.43843
2.95728 0.437236
2.96395 0.436043
2.97063 0.434851
2.9773 0.43366
2.98398 0.43247
2.99065 0.431282
2.99733 0.430096
3.00401 0.428911
3.01068 0.42773
3.01736 0.42655
3.02403 0.425374
3.03071 0.424201
3.03738 0.423032
3.04406 0.421866
3.05073 0.420704
3.05741 0.419546
3.06409 0.418392
3.07076 0.417243
3.07744 0.416099
3.08411 0.41496
3.09079 0.413827
3.09746 0.4127
3.10414 0.411578
3.11081 0.410463
3.11749 0.409354
3.12417 0.408251
3.13084 0.407155
3.13752 0.406065
3.14419 0.404983
3.15087 0.403909
3.15754 0.402843
3.16422 0.401784
3.17089 0.400734
3.17757 0.399693
3.18425 0.39866
3.19092 0.397635
3.1976 0.39662
3.20427 0.395613
3.21095 0.394616
3.21762 0.393628
3.2243 0.39265
3.23097 0.391682
3.23765 0.390725
3.24433 0.389778
3.251 0.388842
3.25768 0.387917
3.26435 0.387002
3.27103 0.386098
3.2777 0.385206
3.28438 0.384325
3.29105 0.383455
3.29773 0.382597
3.30441 0.381752
3.31108 0.380918
3.31776 0.380097
3.32443 0.379288
3.33111 0.378492
3.33778 0.377709
3.34446 0.376939
3.35113 0.376181
3.35781 0.375437
3.36449 0.374706
3.37116 0.373988
3.37784 0.373283
3.38451 0.372593
3.39119 0.371916
3.39786 0.371254
3.40454 0.370605
3.41121 0.369971
3.41789 0.369351
3.42457 0.368746
3.43124 0.368155
3.43792 0.367578
3.44459 0.367016
3.45127 0.366469
3.45794 0.365936
3.46462 0.365419
3.4713 0.364917
3.47797 0.36443
3.48465 0.363958
3.49132 0.363502
3.498 0.363062
3.50467 0.362636
3.51135 0.362226
3.51802 0.361831
3.5247 0.361452
3.53138 0.361088
3.53805 0.360741
3.54473 0.360409
3.5514 0.360093
3.55808 0.359793
3.56475 0.359509
3.57143 0.359241
3.5781 0.358989
3.58478 0.358753
3.59146 0.358533
3.59813 0.358328
3.60481 0.35814
3.61148 0.357967
3.61816 0.357811
3.62483 0.357671
3.63151 0.357548
3.63818 0.357441
3.64486 0.357349
3.65154 0.357274
3.65821 0.357215
3.66489 0.357171
3.67156 0.357143
3.67824 0.357132
3.68491 0.357136
3.69159 0.357156
3.69826 0.357193
3.70494 0.357246
3.71162 0.357314
3.71829 0.357399
3.72497 0.357499
3.73164 0.357615
3.73832 0.357746
3.74499 0.357893
3.75167 0.358055
3.75834 0.358232
3.76502 0.358426
3.7717 0.358634
3.77837 0.358859
3.78505 0.359099
3.79172 0.359354
3.7984 0.359624
3.80507 0.359909
3.81175 0.360208
3.81842 0.360522
3.8251 0.360851
3.83178 0.361194
3.83845 0.361552
3.84513 0.361925
3.8518 0.362312
3.85848 0.362714
3.86515 0.36313
3.87183 0.363559
3.8785 0.364003
3.88518 0.36446
3.89186 0.36493
3.89853 0.365414
3.90521 0.365911
3.91188 0.366421
3.91856 0.366946
3.92523 0.367483
3.93191 0.368033
3.93858 0.368596
3.94526 0.369172
3.95194 0.369759
3.95861 0.370359
3.96529 0.37097
3.97196 0.371594
3.97864 0.372229
3.98531 0.372877
3.99199 0.373536
3.99866 0.374207
4.00534 0.374889
4.01202 0.375582
4.01869 0.376285
4.02537 0.376999
4.03204 0.377723
4.03872 0.378458
4.04539 0.379202
4.05207 0.379957
4.05874 0.380722
4.06542 0.381496
4.0721 0.38228
4.07877 0.383074
4.08545 0.383876
4.09212 0.384687
4.0988 0.385506
4.10547 0.386334
4.11215 0.38717
4.11883 0.388014
4.1255 0.388866
4.13218 0.389725
4.13885 0.390593
4.14553 0.391467
4.1522 0.392349
4.15888 0.393238
4.16555 0.394133
4.17223 0.395034
4.17891 0.395941
4.18558 0.396854
4.19226 0.397773
4.19893 0.398698
4.20561 0.399628
4.21228 0.400563
4.21896 0.401503
4.22563 0.402448
4.23231 0.403398
4.23899 0.404351
4.24566 0.405309
4.25234 0.40627
4.25901 0.407234
4.26569 0.408202
4.27236 0.409173
4.27904 0.410147
4.28571 0.411124
4.29239 0.412104
4.29907 0.413085
4.30574 0.414069
4.31242 0.415054
4.31909 0.41604
4.32577 0.417028
4.33244 0.418016
4.33912 0.419006
4.34579 0.419996
4.35247 0.420986
4.35915 0.421978
4.36582 0.422969
4.3725 0.423959
4.37917 0.424949
4.38585 0.425938
4.39252 0.426925
4.3992 0.427911
4.40587 0.428896
4.41255 0.429879
4.41923 0.43086
4.4259 0.43184
4.43258 0.432817
4.43925 0.433791
4.44593 0.434763
4.4526 0.435731
4.45928 0.436695
4.46595 0.437656
4.47263 0.438613
4.47931 0.439565
4.48598 0.440514
4.49266 0.441459
4.49933 0.442399
4.50601 0.443335
4.51268 0.444265
4.51936 0.44519
4.52603 0.446108
4.53271 0.447021
4.53939 0.447927
4.54606 0.448827
4.55274 0.449721
4.55941 0.450609
4.56609 0.45149
4.57276 0.452364
4.57944 0.453231
4.58611 0.45409
4.59279 0.45494
4.59947 0.455783
4.60614 0.456618
4.61282 0.457444
4.61949 0.458261
4.62617 0.459071
4.63284 0.459871
4.63952 0.460663
4.64619 0.461445
4.65287 0.462217
4.65955 0.462979
4.66622 0.463732
4.6729 0.464474
4.67957 0.465205
4.68625 0.465927
4.69292 0.466638
4.6996 0.467338
4.70628 0.468027
4.71295 0.468705
4.71963 0.469372
4.7263 0.470027
4.73298 0.470669
4.73965 0.4713
4.74633 0.471919
4.753 0.472526
4.75968 0.47312
4.76636 0.473702
4.77303 0.474272
4.77971 0.474829
4.78638 0.475372
4.79306 0.475902
4.79973 0.476419
4.80641 0.476922
4.81308 0.477411
4.81976 0.477887
4.82644 0.478349
4.83311 0.478797
4.83979 0.479231
4.84646 0.479651
4.85314 0.480057
4.85981 0.480447
4.86649 0.480823
4.87316 0.481184
4.87984 0.48153
4.88652 0.481861
4.89319 0.482177
4.89987 0.482478
4.90654 0.482764
4.91322 0.483034
4.91989 0.483289
4.92657 0.483528
4.93324 0.483752
4.93992 0.483959
4.9466 0.48415
4.95327 0.484326
4.95995 0.484485
4.96662 0.484628
4.9733 0.484755
4.97997 0.484867
4.98665 0.484961
4.99332 0.48504
5 0.485101
