   1   2   3   4   5   6   7   8   9  10  11  12  13  14  15  16  17  18  19  20  21  22  23  24  25  26  27  28  29  30  31  32  33  34  35  36  37  38  39  40  41  42  43  44  45  46  47  48  49  50  51  52  53  54  55  56  57  58  59  60  61  62  63  64  65  66  67  68  69  70  71  72  73  74  75  76  77  78  79  80  81  82  83  84  85  86  87  88  89  90  91  92  93  94  95  96  97  98  99 100
   2   2   3   4   5   6   7   8   9  10  11  12  13  14  15  16  17  18  19  20  21  22  23  24  25  26  27  28  29  30  31  32  33  34  35  36  37  38  39  40  41  42  43  44  45  46  47  48  49  50  51  52  53  54  55  56  57  58  59  60  61  62  63  64  65  66  67  68  69  70  71  72  73  74  75  76  77  78  79  80  81  82  83  84  85  86  87  88  89  90  91  92  93  94  95  96  97  98  99 100
   3   3   3   4   5   6   7   8   9  10  11  12  13  14  15  16  17  18  19  20  21  22  23  24  25  26  27  28  29  30  31  32  33  34  35  36  37  38  39  40  41  42  43  44  45  46  47  48  49  50  51  52  53  54  55  56  57  58  59  60  61  62  63  64  65  66  67  68  69  70  71  72  73  74  75  76  77  78  79  80  81  82  83  84  85  86  87  88  89  90  91  92  93  94  95  96  97  98  99 100
   4   4   4   4   5   6   7   8   9  10  11  12  13  14  15  16  17  18  19  20  21  22  23  24  25  26  27  28  29  30  31  32  33  34  35  36  37  38  39  40  41  42  43  44  45  46  47  48  49  50  51  52  53  54  55  56  57  58  59  60  61  62  63  64  65  66  67  68  69  70  71  72  73  74  75  76  77  78  79  80  81  82  83  84  85  86  87  88  89  90  91  92  93  94  95  96  97  98  99 100
   5   5   5   5   5   6   7   8   9  10  11  12  13  14  15  16  17  18  19  20  21  22  23  24  25  26  27  28  29  30  31  32  33  34  35  36  37  38  39  40  41  42  43  44  45  46  47  48  49  50  51  52  53  54  55  56  57  58  59  60  61  62  63  64  65  66  67  68  69  70  71  72  73  74  75  76  77  78  79  80  81  82  83  84  85  86  87  88  89  90  91  92  93  94  95  96  97  98  99 100
   6   6   6   6   6   6   7   8   9  10  11  12  13  14  15  16  17  18  19  20  21  22  23  24  25  26  27  28  29  30  31  32  33  34  35  36  37  38  39  40  41  42  43  44  45  46  47  48  49  50  51  52  53  54  55  56  57  58  59  60  61  62  63  64  65  66  67  68  69  70  71  72  73  74  75  76  77  78  79  80  81  82  83  84  85  86  87  88  89  90  91  92  93  94  95  96  97  98  99 100
   7   7   7   7   7   7   7   8   9  10  11  12  13  14  15  16  17  18  19  20  21  22  23  24  25  26  27  28  29  30  31  32  33  34  35  36  37  38  39  40  41  42  43  44  45  46  47  48  49  50  51  52  53  54  55  56  57  58  59  60  61  62  63  64  65  66  67  68  69  70  71  72  73  74  75  76  77  78  79  80  81  82  83  84  85  86  87  88  89  90  91  92  93  94  95  96  97  98  99 100
   8   8   8   8   8   8   8   8   9  10  11  12  13  14  15  16  17  18  19  20  21  22  23  24  25  26  27  28  29  30  31  32  33  34  35  36  37  38  39  40  41  42  43  44  45  46  47  48  49  50  51  52  53  54  55  56  57  58  59  60  61  62  63  64  65  66  67  68  69  70  71  72  73  74  75  76  77  78  79  80  81  82  83  84  85  86  87  88  89  90  91  92  93  94  95  96  97  98  99 100
   9   9   9   9   9   9   9   9   9  10  11  12  13  14  15  16  17  18  19  20  21  22  23  24  25  26  27  28  29  30  31  32  33  34  35  36  37  38  39  40  41  42  43  44  45  46  47  48  49  50  51  52  53  54  55  56  57  58  59  60  61  62  63  64  65  66  67  68  69  70  71  72  73  74  75  76  77  78  79  80  81  82  83  84  85  86  87  88  89  90  91  92  93  94  95  96  97  98  99 100
  10  10  10  10  10  10  10  10  10  10  11  12  13  14  15  16  17  18  19  20  21  22  23  24  25  26  27  28  29  30  31  32  33  34  35  36  37  38  39  40  41  42  43  44  45  46  47  48  49  50  51  52  53  54  55  56  57  58  59  60  61  62  63  64  65  66  67  68  69  70  71  72  73  74  75  76  77  78  79  80  81  82  83  84  85  86  87  88  89  90  91  92  93  94  95  96  97  98  99 100
  11  11  11  11  11  11  11  11  11  11  11  12  13  14  15  16  17  18  19  20  21  22  23  24  25  26  27  28  29  30  31  32  33  34  35  36  37  38  39  40  41  42  43  44  45  46  47  48  49  50  51  52  53  54  55  56  57  58  59  60  61  62  63  64  65  66  67  68  69  70  71  72  73  74  75  76  77  78  79  80  81  82  83  84  85  86  87  88  89  90  91  92  93  94  95  96  97  98  99 100
  12  12  12  12  12  12  12  12  12  12  12  12  13  14  15  16  17  18  19  20  21  22  23  24  25  26  27  28  29  30  31  32  33  34  35  36  37  38  39  40  41  42  43  44  45  46  47  48  49  50  51  52  53  54  55  56  57  58  59  60  61  62  63  64  65  66  67  68  69  70  71  72  73  74  75  76  77  78  79  80  81  82  83  84  85  86  87  88  89  90  91  92  93  94  95  96  97  98  99 100
  13  13  13  13  13  13  13  13  13  13  13  13  13  14  15  16  17  18  19  20  21  22  23  24  25  26  27  28  29  30  31  32  33  34  35  36  37  38  39  40  41  42  43  44  45  46  47  48  49  50  51  52  53  54  55  56  57  58  59  60  61  62  63  64  65  66  67  68  69  70  71  72  73  74  75  76  77  78  79  80  81  82  83  84  85  86  87  88  89  90  91  92  93  94  95  96  97  98  99 100
  14  14  14  14  14  14  14  14  14  14  14  14  14  14  15  16  17  18  19  20  21  22  23  24  25  26  27  28  29  30  31  32  33  34  35  36  37  38  39  40  41  42  43  44  45  46  47  48  49  50  51  52  53  54  55  56  57  58  59  60  61  62  63  64  65  66  67  68  69  70  71  72  73  74  75  76  77  78  79  80  81  82  83  84  85  86  87  88  89  90  91  92  93  94  95  96  97  98  99 100
  15  15  15  15  15  15  15  15  15  15  15  15  15  15  15  16  17  18  19  20  21  22  23  24  25  26  27  28  29  30  31  32  33  34  35  36  37  38  39  40  41  42  43  44  45  46  47  48  49  50  51  52  53  54  55  56  57  58  59  60  61  62  63  64  65  66  67  68  69  70  71  72  73  74  75  76  77  78  79  80  81  82  83  84  85  86  87  88  89  90  91  92  93  94  95  96  97  98  99 100
  16  16  16  16  16  16  16  16  16  16  16  16  16  16  16  16  17  18  19  20  21  22  23  24  25  26  27  28  29  30  31  32  33  34  35  36  37  38  39  40  41  42  43  44  45  46  47  48  49  50  51  52  53  54  55  56  57  58  59  60  61  62  63  64  65  66  67  68  69  70  71  72  73  74  75  76  77  78  79  80  81  82  83  84  85  86  87  88  89  90  91  92  93  94  95  96  97  98  99 100
  17  17  17  17  17  17  17  17  17  17  17  17  17  17  17  17  17  18  19  20  21  22  23  24  25  26  27  28  29  30  31  32  33  34  35  36  37  38  39  40  41  42  43  44  45  46  47  48  49  50  51  52  53  54  55  56  57  58  59  60  61  62  63  64  65  66  67  68  69  70  71  72  73  74  75  76  77  78  79  80  81  82  83  84  85  86  87  88  89  90  91  92  93  94  95  96  97  98  99 100
  18  18  18  18  18  18  18  18  18  18  18  18  18  18  18  18  18  18  19  20  21  22  23  24  25  26  27  28  29  30  31  32  33  34  35  36  37  38  39  40  41  42  43  44  45  46  47  48  49  50  51  52  53  54  55  56  57  58  59  60  61  62  63  64  65  66  67  68  69  70  71  72  73  74  75  76  77  78  79  80  81  82  83  84  85  86  87  88  89  90  91  92  93  94  95  96  97  98  99 100
  19  19  19  19  19  19  19  19  19  19  19  19  19  19  19  19  19  19  19  20  21  22  23  24  25  26  27  28  29  30  31  32  33  34  35  36  37  38  39  40  41  42  43  44  45  46  47  48  49  50  51  52  53  54  55  56  57  58  59  60  61  62  63  64  65  66  67  68  69  70  71  72  73  74  75  76  77  78  79  80  81  82  83  84  85  86  87  88  89  90  91  92  93  94  95  96  97  98  99 100
  20  20  20  20  20  20  20  20  20  20  20  20  20  20  20  20  20  20  20  20  21  22  23  24  25  26  27  28  29  30  31  32  33  34  35  36  37  38  39  40  41  42  43  44  45  46  47  48  49  50  51  52  53  54  55  56  57  58  59  60  61  62  63  64  65  66  67  68  69  70  71  72  73  74  75  76  77  78  79  80  81  82  83  84  85  86  87  88  89  90  91  92  93  94  95  96  97  98  99 100
  21  21  21  21  21  21  21  21  21  21  21  21  21  21  21  21  21  21  21  21  21  22  23  24  25  26  27  28  29  30  31  32  33  34  35  36  37  38  39  40  41  42  43  44  45  46  47  48  49  50  51  52  53  54  55  56  57  58  59  60  61  62  63  64  65  66  67  68  69  70  71  72  73  74  75  76  77  78  79  80  81  82  83  84  85  86  87  88  89  90  91  92  93  94  95  96  97  98  99 100
  22  22  22  22  22  22  22  22  22  22  22  22  22  22  22  22  22  22  22  22  22  22  23  24  25  26  27  28  29  30  31  32  33  34  35  36  37  38  39  40  41  42  43  44  45  46  47  48  49  50  51  52  53  54  55  56  57  58  59  60  61  62  63  64  65  66  67  68  69  70  71  72  73  74  75  76  77  78  79  80  81  82  83  84  85  86  87  88  89  90  91  92  93  94  95  96  97  98  99 100
  23  23  23  23  23  23  23  23  23  23  23  23  23  23  23  23  23  23  23  23  23  23  23  24  25  26  27  28  29  30  31  32  33  34  35  36  37  38  39  40  41  42  43  44  45  46  47  48  49  50  51  52  53  54  55  56  57  58  59  60  61  62  63  64  65  66  67  68  69  70  71  72  73  74  75  76  77  78  79  80  81  82  83  84  85  86  87  88  89  90  91  92  93  94  95  96  97  98  99 100
  24  24  24  24  24  24  24  24  24  24  24  24  24  24  24  24  24  24  24  24  24  24  24  24  25  26  27  28  29  30  31  32  33  34  35  36  37  38  39  40  41  42  43  44  45  46  47  48  49  50  51  52  53  54  55  56  57  58  59  60  61  62  63  64  65  66  67  68  69  70  71  72  73  74  75  76  77  78  79  80  81  82  83  84  85  86  87  88  89  90  91  92  93  94  95  96  97  98  99 100
  25  25  25  25  25  25  25  25  25  25  25  25  25  25  25  25  25  25  25  25  25  25  25  25  25  26  27  28  29  30  31  32  33  34  35  36  37  38  39  40  41  42  43  44  45  46  47  48  49  50  51  52  53  54  55  56  57  58  59  60  61  62  63  64  65  66  67  68  69  70  71  72  73  74  75  76  77  78  79  80  81  82  83  84  85  86  87  88  89  90  91  92  93  94  95  96  97  98  99 100
  26  26  26  26  26  26  26  26  26  26  26  26  26  26  26  26  26  26  26  26  26  26  26  26  26  26  27  28  29  30  31  32  33  34  35  36  37  38  39  40  41  42  43  44  45  46  47  48  49  50  51  52  53  54  55  56  57  58  59  60  61  62  63  64  65  66  67  68  69  70  71  72  73  74  75  76  77  78  79  80  81  82  83  84  85  86  87  88  89  90  91  92  93  94  95  96  97  98  99 100
  27  27  27  27  27  27  27  27  27  27  27  27  27  27  27  27  27  27  27  27  27  27  27  27  27  27  27  28  29  30  31  32  33  34  35  36  37  38  39  40  41  42  43  44  45  46  47  48  49  50  51  52  53  54  55  56  57  58  59  60  61  62  63  64  65  66  67  68  69  70  71  72  73  74  75  76  77  78  79  80  81  82  83  84  85  86  87  88  89  90  91  92  93  94  95  96  97  98  99 100
  28  28  28  28  28  28  28  28  28  28  28  28  28  28  28  28  28  28  28  28  28  28  28  28  28  28  28  28  29  30  31  32  33  34  35  36  37  38  39  40  41  42  43  44  45  46  47  48  49  50  51  52  53  54  55  56  57  58  59  60  61  62  63  64  65  66  67  68  69  70  71  72  73  74  75  76  77  78  79  80  81  82  83  84  85  86  87  88  89  90  91  92  93  94  95  96  97  98  99 100
  29  29  29  29  29  29  29  29  29  29  29  29  29  29  29  29  29  29  29  29  29  29  29  29  29  29  29  29  29  30  31  32  33  34  35  36  37  38  39  40  41  42  43  44  45  46  47  48  49  50  51  52  53  54  55  56  57  58  59  60  61  62  63  64  65  66  67  68  69  70  71  72  73  74  75  76  77  78  79  80  81  82  83  84  85  86  87  88  89  90  91  92  93  94  95  96  97  98  99 100
  30  30  30  30  30  30  30  30  30  30  30  30  30  30  30  30  30  30  30  30  30  30  30  30  30  30  30  30  30  30  31  32  33  34  35  36  37  38  39  40  41  42  43  44  45  46  47  48  49  50  51  52  53  54  55  56  57  58  59  60  61  62  63  64  65  66  67  68  69  70  71  72  73  74  75  76  77  78  79  80  81  82  83  84  85  86  87  88  89  90  91  92  93  94  95  96  97  98  99 100
  31  31  31  31  31  31  31  31  31  31  31  31  31  31  31  31  31  31  31  31  31  31  31  31  31  31  31  31  31  31  31  32  33  34  35  36  37  38  39  40  41  42  43  44  45  46  47  48  49  50  51  52  53  54  55  56  57  58  59  60  61  62  63  64  65  66  67  68  69  70  71  72  73  74  75  76  77  78  79  80  81  82  83  84  85  86  87  88  89  90  91  92  93  94  95  96  97  98  99 100
  32  32  32  32  32  32  32  32  32  32  32  32  32  32  32  32  32  32  32  32  32  32  32  32  32  32  32  32  32  32  32  32  33  34  35  36  37  38  39  40  41  42  43  44  45  46  47  48  49  50  51  52  53  54  55  56  57  58  59  60  61  62  63  64  65  66  67  68  69  70  71  72  73  74  75  76  77  78  79  80  81  82  83  84  85  86  87  88  89  90  91  92  93  94  95  96  97  98  99 100
  33  33  33  33  33  33  33  33  33  33  33  33  33  33  33  33  33  33  33  33  33  33  33  33  33  33  33  33  33  33  33  33  33  34  35  36  37  38  39  40  41  42  43  44  45  46  47  48  49  50  51  52  53  54  55  56  57  58  59  60  61  62  63  64  65  66  67  68  69  70  71  72  73  74  75  76  77  78  79  80  81  82  83  84  85  86  87  88  89  90  91  92  93  94  95  96  97  98  99 100
  34  34  34  34  34  34  34  34  34  34  34  34  34  34  34  34  34  34  34  34  34  34  34  34  34  34  34  34  34  34  34  34  34  34  35  36  37  38  39  40  41  42  43  44  45  46  47  48  49  50  51  52  53  54  55  56  57  58  59  60  61  62  63  64  65  66  67  68  69  70  71  72  73  74  75  76  77  78  79  80  81  82  83  84  85  86  87  88  89  90  91  92  93  94  95  96  97  98  99 100
  35  35  35  35  35  35  35  35  35  35  35  35  35  35  35  35  35  35  35  35  35  35  35  35  35  35  35  35  35  35  35  35  35  35  35  36  37  38  39  40  41  42  43  44  45  46  47  48  49  50  51  52  53  54  55  56  57  58  59  60  61  62  63  64  65  66  67  68  69  70  71  72  73  74  75  76  77  78  79  80  81  82  83  84  85  86  87  88  89  90  91  92  93  94  95  96  97  98  99 100
  36  36  36  36  36  36  36  36  36  36  36  36  36  36  36  36  36  36  36  36  36  36  36  36  36  36  36  36  36  36  36  36  36  36  36  36  37  38  39  40  41  42  43  44  45  46  47  48  49  50  51  52  53  54  55  56  57  58  59  60  61  62  63  64  65  66  67  68  69  70  71  72  73  74  75  76  77  78  79  80  81  82  83  84  85  86  87  88  89  90  91  92  93  94  95  96  97  98  99 100
  37  37  37  37  37  37  37  37  37  37  37  37  37  37  37  37  37  37  37  37  37  37  37  37  37  37  37  37  37  37  37  37  37  37  37  37  37  38  39  40  41  42  43  44  45  46  47  48  49  50  51  52  53  54  55  56  57  58  59  60  61  62  63  64  65  66  67  68  69  70  71  72  73  74  75  76  77  78  79  80  81  82  83  84  85  86  87  88  89  90  91  92  93  94  95  96  97  98  99 100
  38  38  38  38  38  38  38  38  38  38  38  38  38  38  38  38  38  38  38  38  38  38  38  38  38  38  38  38  38  38  38  38  38  38  38  38  38  38  39  40  41  42  43  44  45  46  47  48  49  50  51  52  53  54  55  56  57  58  59  60  61  62  63  64  65  66  67  68  69  70  71  72  73  74  75  76  77  78  79  80  81  82  83  84  85  86  87  88  89  90  91  92  93  94  95  96  97  98  99 100
  39  39  39  39  39  39  39  39  39  39  39  39  39  39  39  39  39  39  39  39  39  39  39  39  39  39  39  39  39  39  39  39  39  39  39  39  39  39  39  40  41  42  43  44  45  46  47  48  49  50  51  52  53  54  55  56  57  58  59  60  61  62  63  64  65  66  67  68  69  70  71  72  73  74  75  76  77  78  79  80  81  82  83  84  85  86  87  88  89  90  91  92  93  94  95  96  97  98  99 100
  40  40  40  40  40  40  40  40  40  40  40  40  40  40  40  40  40  40  40  40  40  40  40  40  40  40  40  40  40  40  40  40  40  40  40  40  40  40  40  40  41  42  43  44  45  46  47  48  49  50  51  52  53  54  55  56  57  58  59  60  61  62  63  64  65  66  67  68  69  70  71  72  73  74  75  76  77  78  79  80  81  82  83  84  85  86  87  88  89  90  91  92  93  94  95  96  97  98  99 100
  41  41  41  41  41  41  41  41  41  41  41  41  41  41  41  41  41  41  41  41  41  41  41  41  41  41  41  41  41  41  41  41  41  41  41  41  41  41  41  41  41  42  43  44  45  46  47  48  49  50  51  52  53  54  55  56  57  58  59  60  61  62  63  64  65  66  67  68  69  70  71  72  73  74  75  76  77  78  79  80  81  82  83  84  85  86  87  88  89  90  91  92  93  94  95  96  97  98  99 100
  42  42  42  42  42  42  42  42  42  42  42  42  42  42  42  42  42  42  42  42  42  42  42  42  42  42  42  42  42  42  42  42  42  42  42  42  42  42  42  42  42  42  43  44  45  46  47  48  49  50  51  52  53  54  55  56  57  58  59  60  61  62  63  64  65  66  67  68  69  70  71  72  73  74  75  76  77  78  79  80  81  82  83  84  85  86  87  88  89  90  91  92  93  94  95  96  97  98  99 100
  43  43  43  43  43  43  43  43  43  43  43  43  43  43  43  43  43  43  43  43  43  43  43  43  43  43  43  43  43  43  43  43  43  43  43  43  43  43  43  43  43  43  43  44  45  46  47  48  49  50  51  52  53  54  55  56  57  58  59  60  61  62  63  64  65  66  67  68  69  70  71  72  73  74  75  76  77  78  79  80  81  82  83  84  85  86  87  88  89  90  91  92  93  94  95  96  97  98  99 100
  44  44  44  44  44  44  44  44  44  44  44  44  44  44  44  44  44  44  44  44  44  44  44  44  44  44  44  44  44  44  44  44  44  44  44  44  44  44  44  44  44  44  44  44  45  46  47  48  49  50  51  52  53  54  55  56  57  58  59  60  61  62  63  64  65  66  67  68  69  70  71  72  73  74  75  76  77  78  79  80  81  82  83  84  85  86  87  88  89  90  91  92  93  94  95  96  97  98  99 100
  45  45  45  45  45  45  45  45  45  45  45  45  45  45  45  45  45  45  45  45  45  45  45  45  45  45  45  45  45  45  45  45  45  45  45  45  45  45  45  45  45  45  45  45  45  46  47  48  49  50  51  52  53  54  55  56  57  58  59  60  61  62  63  64  65  66  67  68  69  70  71  72  73  74  75  76  77  78  79  80  81  82  83  84  85  86  87  88  89  90  91  92  93  94  95  96  97  98  99 100
  46  46  46  46  46  46  46  46  46  46  46  46  46  46  46  46  46  46  46  46  46  46  46  46  46  46  46  46  46  46  46  46  46  46  46  46  46  46  46  46  46  46  46  46  46  46  47  48  49  50  51  52  53  54  55  56  57  58  59  60  61  62  63  64  65  66  67  68  69  70  71  72  73  74  75  76  77  78  79  80  81  82  83  84  85  86  87  88  89  90  91  92  93  94  95  96  97  98  99 100
  47  47  47  47  47  47  47  47  47  47  47  47  47  47  47  47  47  47  47  47  47  47  47  47  47  47  47  47  47  47  47  47  47  47  47  47  47  47  47  47  47  47  47  47  47  47  47  48  49  50  51  52  53  54  55  56  57  58  59  60  61  62  63  64  65  66  67  68  69  70  71  72  73  74  75  76  77  78  79  80  81  82  83  84  85  86  87  88  89  90  91  92  93  94  95  96  97  98  99 100
  48  48  48  48  48  48  48  48  48  48  48  48  48  48  48  48  48  48  48  48  48  48  48  48  48  48  48  48  48  48  48  48  48  48  48  48  48  48  48  48  48  48  48  48  48  48  48  48  49  50  51  52  53  54  55  56  57  58  59  60  61  62  63  64  65  66  67  68  69  70  71  72  73  74  75  76  77  78  79  80  81  82  83  84  85  86  87  88  89  90  91  92  93  94  95  96  97  98  99 100
  49  49  49  49  49  49  49  49  49  49  49  49  49  49  49  49  49  49  49  49  49  49  49  49  49  49  49  49  49  49  49  49  49  49  49  49  49  49  49  49  49  49  49  49  49  49  49  49  49  50  51  52  53  54  55  56  57  58  59  60  61  62  63  64  65  66  67  68  69  70  71  72  73  74  75  76  77  78  79  80  81  82  83  84  85  86  87  88  89  90  91  92  93  94  95  96  97  98  99 100
  50  50  50  50  50  50  50  50  50  50  50  50  50  50  50  50  50  50  50  50  50  50  50  50  50  50  50  50  50  50  50  50  50  50  50  50  50  50  50  50  50  50  50  50  50  50  50  50  50  50  51  52  53  54  55  56  57  58  59  60  61  62  63  64  65  66  67  68  69  70  71  72  73  74  75  76  77  78  79  80  81  82  83  84  85  86  87  88  89  90  91  92  93  94  95  96  97  98  99 100
  51  51  51  51  51  51  51  51  51  51  51  51  51  51  51  51  51  51  51  51  51  51  51  51  51  51  51  51  51  51  51  51  51  51  51  51  51  51  51  51  51  51  51  51  51  51  51  51  51  51  51  52  53  54  55  56  57  58  59  60  61  62  63  64  65  66  67  68  69  70  71  72  73  74  75  76  77  78  79  80  81  82  83  84  85  86  87  88  89  90  91  92  93  94  95  96  97  98  99 100
  52  52  52  52  52  52  52  52  52  52  52  52  52  52  52  52  52  52  52  52  52  52  52  52  52  52  52  52  52  52  52  52  52  52  52  52  52  52  52  52  52  52  52  52  52  52  52  52  52  52  52  52  53  54  55  56  57  58  59  60  61  62  63  64  65  66  67  68  69  70  71  72  73  74  75  76  77  78  79  80  81  82  83  84  85  86  87  88  89  90  91  92  93  94  95  96  97  98  99 100
  53  53  53  53  53  53  53  53  53  53  53  53  53  53  53  53  53  53  53  53  53  53  53  53  53  53  53  53  53  53  53  53  53  53  53  53  53  53  53  53  53  53  53  53  53  53  53  53  53  53  53  53  53  54  55  56  57  58  59  60  61  62  63  64  65  66  67  68  69  70  71  72  73  74  75  76  77  78  79  80  81  82  83  84  85  86  87  88  89  90  91  92  93  94  95  96  97  98  99 100
  54  54  54  54  54  54  54  54  54  54  54  54  54  54  54  54  54  54  54  54  54  54  54  54  54  54  54  54  54  54  54  54  54  54  54  54  54  54  54  54  54  54  54  54  54  54  54  54  54  54  54  54  54  54  55  56  57  58  59  60  61  62  63  64  65  66  67  68  69  70  71  72  73  74  75  76  77  78  79  80  81  82  83  84  85  86  87  88  89  90  91  92  93  94  95  96  97  98  99 100
  55  55  55  55  55  55  55  55  55  55  55  55  55  55  55  55  55  55  55  55  55  55  55  55  55  55  55  55  55  55  55  55  55  55  55  55  55  55  55  55  55  55  55  55  55  55  55  55  55  55  55  55  55  55  55  56  57  58  59  60  61  62  63  64  65  66  67  68  69  70  71  72  73  74  75  76  77  78  79  80  81  82  83  84  85  86  87  88  89  90  91  92  93  94  95  96  97  98  99 100
  56  56  56  56  56  56  56  56  56  56  56  56  56  56  56  56  56  56  56  56  56  56  56  56  56  56  56  56  56  56  56  56  56  56  56  56  56  56  56  56  56  56  56  56  56  56  56  56  56  56  56  56  56  56  56  56  57  58  59  60  61  62  63  64  65  66  67  68  69  70  71  72  73  74  75  76  77  78  79  80  81  82  83  84  85  86  87  88  89  90  91  92  93  94  95  96  97  98  99 100
  57  57  57  57  57  57  57  57  57  57  57  57  57  57  57  57  57  57  57  57  57  57  57  57  57  57  57  57  57  57  57  57  57  57  57  57  57  57  57  57  57  57  57  57  57  57  57  57  57  57  57  57  57  57  57  57  57  58  59  60  61  62  63  64  65  66  67  68  69  70  71  72  73  74  75  76  77  78  79  80  81  82  83  84  85  86  87  88  89  90  91  92  93  94  95  96  97  98  99 100
  58  58  58  58  58  58  58  58  58  58  58  58  58  58  58  58  58  58  58  58  58  58  58  58  58  58  58  58  58  58  58  58  58  58  58  58  58  58  58  58  58  58  58  58  58  58  58  58  58  58  58  58  58  58  58  58  58  58  59  60  61  62  63  64  65  66  67  68  69  70  71  72  73  74  75  76  77  78  79  80  81  82  83  84  85  86  87  88  89  90  91  92  93  94  95  96  97  98  99 100
  59  59  59  59  59  59  59  59  59  59  59  59  59  59  59  59  59  59  59  59  59  59  59  59  59  59  59  59  59  59  59  59  59  59  59  59  59  59  59  59  59  59  59  59  59  59  59  59  59  59  59  59  59  59  59  59  59  59  59  60  61  62  63  64  65  66  67  68  69  70  71  72  73  74  75  76  77  78  79  80  81  82  83  84  85  86  87  88  89  90  91  92  93  94  95  96  97  98  99 100
  60  60  60  60  60  60  60  60  60  60  60  60  60  60  60  60  60  60  60  60  60  60  60  60  60  60  60  60  60  60  60  60  60  60  60  60  60  60  60  60  60  60  60  60  60  60  60  60  60  60  60  60  60  60  60  60  60  60  60  60  61  62  63  64  65  66  67  68  69  70  71  72  73  74  75  76  77  78  79  80  81  82  83  84  85  86  87  88  89  90  91  92  93  94  95  96  97  98  99 100
  61  61  61  61  61  61  61  61  61  61  61  61  61  61  61  61  61  61  61  61  61  61  61  61  61  61  61  61  61  61  61  61  61  61  61  61  61  61  61  61  61  61  61  61  61  61  61  61  61  61  61  61  61  61  61  61  61  61  61  61  61  62  63  64  65  66  67  68  69  70  71  72  73  74  75  76  77  78  79  80  81  82  83  84  85  86  87  88  89  90  91  92  93  94  95  96  97  98  99 100
  62  62  62  62  62  62  62  62  62  62  62  62  62  62  62  62  62  62  62  62  62  62  62  62  62  62  62  62  62  62  62  62  62  62  62  62  62  62  62  62  62  62  62  62  62  62  62  62  62  62  62  62  62  62  62  62  62  62  62  62  62  62  63  64  65  66  67  68  69  70  71  72  73  74  75  76  77  78  79  80  81  82  83  84  85  86  87  88  89  90  91  92  93  94  95  96  97  98  99 100
  63  63  63  63  63  63  63  63  63  63  63  63  63  63  63  63  63  63  63  63  63  63  63  63  63  63  63  63  63  63  63  63  63  63  63  63  63  63  63  63  63  63  63  63  63  63  63  63  63  63  63  63  63  63  63  63  63  63  63  63  63  63  63  64  65  66  67  68  69  70  71  72  73  74  75  76  77  78  79  80  81  82  83  84  85  86  87  88  89  90  91  92  93  94  95  96  97  98  99 100
  64  64  64  64  64  64  64  64  64  64  64  64  64  64  64  64  64  64  64  64  64  64  64  64  64  64  64  64  64  64  64  64  64  64  64  64  64  64  64  64  64  64  64  64  64  64  64  64  64  64  64  64  64  64  64  64  64  64  64  64  64  64  64  64  65  66  67  68  69  70  71  72  73  74  75  76  77  78  79  80  81  82  83  84  85  86  87  88  89  90  91  92  93  94  95  96  97  98  99 100
  65  65  65  65  65  65  65  65  65  65  65  65  65  65  65  65  65  65  65  65  65  65  65  65  65  65  65  65  65  65  65  65  65  65  65  65  65  65  65  65  65  65  65  65  65  65  65  65  65  65  65  65  65  65  65  65  65  65  65  65  65  65  65  65  65  66  67  68  69  70  71  72  73  74  75  76  77  78  79  80  81  82  83  84  85  86  87  88  89  90  91  92  93  94  95  96  97  98  99 100
  66  66  66  66  66  66  66  66  66  66  66  66  66  66  66  66  66  66  66  66  66  66  66  66  66  66  66  66  66  66  66  66  66  66  66  66  66  66  66  66  66  66  66  66  66  66  66  66  66  66  66  66  66  66  66  66  66  66  66  66  66  66  66  66  66  66  67  68  69  70  71  72  73  74  75  76  77  78  79  80  81  82  83  84  85  86  87  88  89  90  91  92  93  94  95  96  97  98  99 100
  67  67  67  67  67  67  67  67  67  67  67  67  67  67  67  67  67  67  67  67  67  67  67  67  67  67  67  67  67  67  67  67  67  67  67  67  67  67  67  67  67  67  67  67  67  67  67  67  67  67  67  67  67  67  67  67  67  67  67  67  67  67  67  67  67  67  67  68  69  70  71  72  73  74  75  76  77  78  79  80  81  82  83  84  85  86  87  88  89  90  91  92  93  94  95  96  97  98  99 100
  68  68  68  68  68  68  68  68  68  68  68  68  68  68  68  68  68  68  68  68  68  68  68  68  68  68  68  68  68  68  68  68  68  68  68  68  68  68  68  68  68  68  68  68  68  68  68  68  68  68  68  68  68  68  68  68  68  68  68  68  68  68  68  68  68  68  68  68  69  70  71  72  73  74  75  76  77  78  79  80  81  82  83  84  85  86  87  88  89  90  91  92  93  94  95  96  97  98  99 100
  69  69  69  69  69  69  69  69  69  69  69  69  69  69  69  69  69  69  69  69  69  69  69  69  69  69  69  69  69  69  69  69  69  69  69  69  69  69  69  69  69  69  69  69  69  69  69  69  69  69  69  69  69  69  69  69  69  69  69  69  69  69  69  69  69  69  69  69  69  70  71  72  73  74  75  76  77  78  79  80  81  82  83  84  85  86  87  88  89  90  91  92  93  94  95  96  97  98  99 100
  70  70  70  70  70  70  70  70  70  70  70  70  70  70  70  70  70  70  70  70  70  70  70  70  70  70  70  70  70  70  70  70  70  70  70  70  70  70  70  70  70  70  70  70  70  70  70  70  70  70  70  70  70  70  70  70  70  70  70  70  70  70  70  70  70  70  70  70  70  70  71  72  73  74  75  76  77  78  79  80  81  82  83  84  85  86  87  88  89  90  91  92  93  94  95  96  97  98  99 100
  71  71  71  71  71  71  71  71  71  71  71  71  71  71  71  71  71  71  71  71  71  71  71  71  71  71  71  71  71  71  71  71  71  71  71  71  71  71  71  71  71  71  71  71  71  71  71  71  71  71  71  71  71  71  71  71  71  71  71  71  71  71  71  71  71  71  71  71  71  71  71  72  73  74  75  76  77  78  79  80  81  82  83  84  85  86  87  88  89  90  91  92  93  94  95  96  97  98  99 100
  72  72  72  72  72  72  72  72  72  72  72  72  72  72  72  72  72  72  72  72  72  72  72  72  72  72  72  72  72  72  72  72  72  72  72  72  72  72  72  72  72  72  72  72  72  72  72  72  72  72  72  72  72  72  72  72  72  72  72  72  72  72  72  72  72  72  72  72  72  72  72  72  73  74  75  76  77  78  79  80  81  82  83  84  85  86  87  88  89  90  91  92  93  94  95  96  97  98  99 100
  73  73  73  73  73  73  73  73  73  73  73  73  73  73  73  73  73  73  73  73  73  73  73  73  73  73  73  73  73  73  73  73  73  73  73  73  73  73  73  73  73  73  73  73  73  73  73  73  73  73  73  73  73  73  73  73  73  73  73  73  73  73  73  73  73  73  73  73  73  73  73  73  73  74  75  76  77  78  79  80  81  82  83  84  85  86  87  88  89  90  91  92  93  94  95  96  97  98  99 100
  74  74  74  74  74  74  74  74  74  74  74  74  74  74  74  74  74  74  74  74  74  74  74  74  74  74  74  74  74  74  74  74  74  74  74  74  74  74  74  74  74  74  74  74  74  74  74  74  74  74  74  74  74  74  74  74  74  74  74  74  74  74  74  74  74  74  74  74  74  74  74  74  74  74  75  76  77  78  79  80  81  82  83  84  85  86  87  88  89  90  91  92  93  94  95  96  97  98  99 100
  75  75  75  75  75  75  75  75  75  75  75  75  75  75  75  75  75  75  75  75  75  75  75  75  75  75  75  75  75  75  75  75  75  75  75  75  75  75  75  75  75  75  75  75  75  75  75  75  75  75  75  75  75  75  75  75  75  75  75  75  75  75  75  75  75  75  75  75  75  75  75  75  75  75  75  76  77  78  79  80  81  82  83  84  85  86  87  88  89  90  91  92  93  94  95  96  97  98  99 100
  76  76  76  76  76  76  76  76  76  76  76  76  76  76  76  76  76  76  76  76  76  76  76  76  76  76  76  76  76  76  76  76  76  76  76  76  76  76  76  76  76  76  76  76  76  76  76  76  76  76  76  76  76  76  76  76  76  76  76  76  76  76  76  76  76  76  76  76  76  76  76  76  76  76  76  76  77  78  79  80  81  82  83  84  85  86  87  88  89  90  91  92  93  94  95  96  97  98  99 100
  77  77  77  77  77  77  77  77  77  77  77  77  77  77  77  77  77  77  77  77  77  77  77  77  77  77  77  77  77  77  77  77  77  77  77  77  77  77  77  77  77  77  77  77  77  77  77  77  77  77  77  77  77  77  77  77  77  77  77  77  77  77  77  77  77  77  77  77  77  77  77  77  77  77  77  77  77  78  79  80  81  82  83  84  85  86  87  88  89  90  91  92  93  94  95  96  97  98  99 100
  78  78  78  78  78  78  78  78  78  78  78  78  78  78  78  78  78  78  78  78  78  78  78  78  78  78  78  78  78  78  78  78  78  78  78  78  78  78  78  78  78  78  78  78  78  78  78  78  78  78  78  78  78  78  78  78  78  78  78  78  78  78  78  78  78  78  78  78  78  78  78  78  78  78  78  78  78  78  79  80  81  82  83  84  85  86  87  88  89  90  91  92  93  94  95  96  97  98  99 100
  79  79  79  79  79  79  79  79  79  79  79  79  79  79  79  79  79  79  79  79  79  79  79  79  79  79  79  79  79  79  79  79  79  79  79  79  79  79  79  79  79  79  79  79  79  79  79  79  79  79  79  79  79  79  79  79  79  79  79  79  79  79  79  79  79  79  79  79  79  79  79  79  79  79  79  79  79  79  79  80  81  82  83  84  85  86  87  88  89  90  91  92  93  94  95  96  97  98  99 100
  80  80  80  80  80  80  80  80  80  80  80  80  80  80  80  80  80  80  80  80  80  80  80  80  80  80  80  80  80  80  80  80  80  80  80  80  80  80  80  80  80  80  80  80  80  80  80  80  80  80  80  80  80  80  80  80  80  80  80  80  80  80  80  80  80  80  80  80  80  80  80  80  80  80  80  80  80  80  80  80  81  82  83  84  85  86  87  88  89  90  91  92  93  94  95  96  97  98  99 100
  81  81  81  81  81  81  81  81  81  81  81  81  81  81  81  81  81  81  81  81  81  81  81  81  81  81  81  81  81  81  81  81  81  81  81  81  81  81  81  81  81  81  81  81  81  81  81  81  81  81  81  81  81  81  81  81  81  81  81  81  81  81  81  81  81  81  81  81  81  81  81  81  81  81  81  81  81  81  81  81  81  82  83  84  85  86  87  88  89  90  91  92  93  94  95  96  97  98  99 100
  82  82  82  82  82  82  82  82  82  82  82  82  82  82  82  82  82  82  82  82  82  82  82  82  82  82  82  82  82  82  82  82  82  82  82  82  82  82  82  82  82  82  82  82  82  82  82  82  82  82  82  82  82  82  82  82  82  82  82  82  82  82  82  82  82  82  82  82  82  82  82  82  82  82  82  82  82  82  82  82  82  82  83  84  85  86  87  88  89  90  91  92  93  94  95  96  97  98  99 100
  83  83  83  83  83  83  83  83  83  83  83  83  83  83  83  83  83  83  83  83  83  83  83  83  83  83  83  83  83  83  83  83  83  83  83  83  83  83  83  83  83  83  83  83  83  83  83  83  83  83  83  83  83  83  83  83  83  83  83  83  83  83  83  83  83  83  83  83  83  83  83  83  83  83  83  83  83  83  83  83  83  83  83  84  85  86  87  88  89  90  91  92  93  94  95  96  97  98  99 100
  84  84  84  84  84  84  84  84  84  84  84  84  84  84  84  84  84  84  84  84  84  84  84  84  84  84  84  84  84  84  84  84  84  84  84  84  84  84  84  84  84  84  84  84  84  84  84  84  84  84  84  84  84  84  84  84  84  84  84  84  84  84  84  84  84  84  84  84  84  84  84  84  84  84  84  84  84  84  84  84  84  84  84  84  85  86  87  88  89  90  91  92  93  94  95  96  97  98  99 100
  85  85  85  85  85  85  85  85  85  85  85  85  85  85  85  85  85  85  85  85  85  85  85  85  85  85  85  85  85  85  85  85  85  85  85  85  85  85  85  85  85  85  85  85  85  85  85  85  85  85  85  85  85  85  85  85  85  85  85  85  85  85  85  85  85  85  85  85  85  85  85  85  85  85  85  85  85  85  85  85  85  85  85  85  85  86  87  88  89  90  91  92  93  94  95  96  97  98  99 100
  86  86  86  86  86  86  86  86  86  86  86  86  86  86  86  86  86  86  86  86  86  86  86  86  86  86  86  86  86  86  86  86  86  86  86  86  86  86  86  86  86  86  86  86  86  86  86  86  86  86  86  86  86  86  86  86  86  86  86  86  86  86  86  86  86  86  86  86  86  86  86  86  86  86  86  86  86  86  86  86  86  86  86  86  86  86  87  88  89  90  91  92  93  94  95  96  97  98  99 100
  87  87  87  87  87  87  87  87  87  87  87  87  87  87  87  87  87  87  87  87  87  87  87  87  87  87  87  87  87  87  87  87  87  87  87  87  87  87  87  87  87  87  87  87  87  87  87  87  87  87  87  87  87  87  87  87  87  87  87  87  87  87  87  87  87  87  87  87  87  87  87  87  87  87  87  87  87  87  87  87  87  87  87  87  87  87  87  88  89  90  91  92  93  94  95  96  97  98  99 100
  88  88  88  88  88  88  88  88  88  88  88  88  88  88  88  88  88  88  88  88  88  88  88  88  88  88  88  88  88  88  88  88  88  88  88  88  88  88  88  88  88  88  88  88  88  88  88  88  88  88  88  88  88  88  88  88  88  88  88  88  88  88  88  88  88  88  88  88  88  88  88  88  88  88  88  88  88  88  88  88  88  88  88  88  88  88  88  88  89  90  91  92  93  94  95  96  97  98  99 100
  89  89  89  89  89  89  89  89  89  89  89  89  89  89  89  89  89  89  89  89  89  89  89  89  89  89  89  89  89  89  89  89  89  89  89  89  89  89  89  89  89  89  89  89  89  89  89  89  89  89  89  89  89  89  89  89  89  89  89  89  89  89  89  89  89  89  89  89  89  89  89  89  89  89  89  89  89  89  89  89  89  89  89  89  89  89  89  89  89  90  91  92  93  94  95  96  97  98  99 100
  90  90  90  90  90  90  90  90  90  90  90  90  90  90  90  90  90  90  90  90  90  90  90  90  90  90  90  90  90  90  90  90  90  90  90  90  90  90  90  90  90  90  90  90  90  90  90  90  90  90  90  90  90  90  90  90  90  90  90  90  90  90  90  90  90  90  90  90  90  90  90  90  90  90  90  90  90  90  90  90  90  90  90  90  90  90  90  90  90  90  91  92  93  94  95  96  97  98  99 100
  91  91  91  91  91  91  91  91  91  91  91  91  91  91  91  91  91  91  91  91  91  91  91  91  91  91  91  91  91  91  91  91  91  91  91  91  91  91  91  91  91  91  91  91  91  91  91  91  91  91  91  91  91  91  91  91  91  91  91  91  91  91  91  91  91  91  91  91  91  91  91  91  91  91  91  91  91  91  91  91  91  91  91  91  91  91  91  91  91  91  91  92  93  94  95  96  97  98  99 100
  92  92  92  92  92  92  92  92  92  92  92  92  92  92  92  92  92  92  92  92  92  92  92  92  92  92  92  92  92  92  92  92  92  92  92  92  92  92  92  92  92  92  92  92  92  92  92  92  92  92  92  92  92  92  92  92  92  92  92  92  92  92  92  92  92  92  92  92  92  92  92  92  92  92  92  92  92  92  92  92  92  92  92  92  92  92  92  92  92  92  92  92  93  94  95  96  97  98  99 100
  93  93  93  93  93  93  93  93  93  93  93  93  93  93  93  93  93  93  93  93  93  93  93  93  93  93  93  93  93  93  93  93  93  93  93  93  93  93  93  93  93  93  93  93  93  93  93  93  93  93  93  93  93  93  93  93  93  93  93  93  93  93  93  93  93  93  93  93  93  93  93  93  93  93  93  93  93  93  93  93  93  93  93  93  93  93  93  93  93  93  93  93  93  94  95  96  97  98  99 100
  94  94  94  94  94  94  94  94  94  94  94  94  94  94  94  94  94  94  94  94  94  94  94  94  94  94  94  94  94  94  94  94  94  94  94  94  94  94  94  94  94  94  94  94  94  94  94  94  94  94  94  94  94  94  94  94  94  94  94  94  94  94  94  94  94  94  94  94  94  94  94  94  94  94  94  94  94  94  94  94  94  94  94  94  94  94  94  94  94  94  94  94  94  94  95  96  97  98  99 100
  95  95  95  95  95  95  95  95  95  95  95  95  95  95  95  95  95  95  95  95  95  95  95  95  95  95  95  95  95  95  95  95  95  95  95  95  95  95  95  95  95  95  95  95  95  95  95  95  95  95  95  95  95  95  95  95  95  95  95  95  95  95  95  95  95  95  95  95  95  95  95  95  95  95  95  95  95  95  95  95  95  95  95  95  95  95  95  95  95  95  95  95  95  95  95  96  97  98  99 100
  96  96  96  96  96  96  96  96  96  96  96  96  96  96  96  96  96  96  96  96  96  96  96  96  96  96  96  96  96  96  96  96  96  96  96  96  96  96  96  96  96  96  96  96  96  96  96  96  96  96  96  96  96  96  96  96  96  96  96  96  96  96  96  96  96  96  96  96  96  96  96  96  96  96  96  96  96  96  96  96  96  96  96  96  96  96  96  96  96  96  96  96  96  96  96  96  97  98  99 100
  97  97  97  97  97  97  97  97  97  97  97  97  97  97  97  97  97  97  97  97  97  97  97  97  97  97  97  97  97  97  97  97  97  97  97  97  97  97  97  97  97  97  97  97  97  97  97  97  97  97  97  97  97  97  97  97  97  97  97  97  97  97  97  97  97  97  97  97  97  97  97  97  97  97  97  97  97  97  97  97  97  97  97  97  97  97  97  97  97  97  97  97  97  97  97  97  97  98  99 100
  98  98  98  98  98  98  98  98  98  98  98  98  98  98  98  98  98  98  98  98  98  98  98  98  98  98  98  98  98  98  98  98  98  98  98  98  98  98  98  98  98  98  98  98  98  98  98  98  98  98  98  98  98  98  98  98  98  98  98  98  98  98  98  98  98  98  98  98  98  98  98  98  98  98  98  98  98  98  98  98  98  98  98  98  98  98  98  98  98  98  98  98  98  98  98  98  98  98  99 100
  99  99  99  99  99  99  99  99  99  99  99  99  99  99  99  99  99  99  99  99  99  99  99  99  99  99  99  99  99  99  99  99  99  99  99  99  99  99  99  99  99  99  99  99  99  99  99  99  99  99  99  99  99  99  99  99  99  99  99  99  99  99  99  99  99  99  99  99  99  99  99  99  99  99  99  99  99  99  99  99  99  99  99  99  99  99  99  99  99  99  99  99  99  99  99  99  99  99  99 100
 100 100 100 100 100 100 100 100 100 100 100 100 100 100 100 100 100 100 100 100 100 100 100 100 100 100 100 100 100 100 100 100 100 100 100 100 100 100 100 100 100 100 100 100 100 100 100 100 100 100 100 100 100 100 100 100 100 100 100 100 100 100 100 100 100 100 100 100 100 100 100 100 100 100 100 100 100 100 100 100 100 100 100 100 100 100 100 100 100 100 100 100 100 100 100 100 100 100 100 100
